lc 

Logistic Classifier; 3 classes, 4 features
[[ 0.08607871  0.01676022 -2.74393044  3.01542326 -0.26087814]
 [-2.27447487 -4.09565156 -5.80082336  8.53415003  5.74266636]] 

[[ 0.]
 [ 0.]
 [ 0.]
 [ 0.]
 [ 0.]
 [ 0.]
 [ 0.]
 [ 0.]
 [ 0.]
 [ 0.]
 [ 1.]
 [ 1.]
 [ 1.]
 [ 1.]
 [ 1.]
 [ 1.]
 [ 1.]
 [ 1.]
 [ 1.]
 [ 1.]
 [ 2.]
 [ 2.]
 [ 2.]
 [ 2.]
 [ 2.]
 [ 2.]
 [ 2.]
 [ 2.]
 [ 2.]
 [ 2.]] 

[[10  0  0]
 [ 0 10  0]
 [ 0  0 10]] 

0.0 


lc2 

Logistic Classifier; 3 classes, 4 features
[[ 1.41046397 -0.07822332 -3.10371999  3.13410076 -0.32621863]
 [-2.94805024 -4.01966909 -6.12540489  8.70212813  5.99513411]] 

[[ 0.]
 [ 0.]
 [ 0.]
 [ 0.]
 [ 0.]
 [ 0.]
 [ 0.]
 [ 0.]
 [ 0.]
 [ 0.]
 [ 1.]
 [ 1.]
 [ 1.]
 [ 1.]
 [ 1.]
 [ 1.]
 [ 1.]
 [ 1.]
 [ 1.]
 [ 1.]
 [ 2.]
 [ 2.]
 [ 2.]
 [ 2.]
 [ 2.]
 [ 2.]
 [ 2.]
 [ 2.]
 [ 2.]
 [ 2.]] 

[[10  0  0]
 [ 0 10  0]
 [ 0  0 10]] 

0.0 


lc3 

Logistic Classifier; 3 classes, 4 features
[[ -8.23630387  -0.73840371  -5.00953067   8.16817664   2.98797237]
 [-30.65412934  -5.44138795  -9.19248603  17.76823209  12.86579503]] 

[[ 0.]
 [ 0.]
 [ 0.]
 [ 0.]
 [ 0.]
 [ 0.]
 [ 0.]
 [ 0.]
 [ 0.]
 [ 0.]
 [ 1.]
 [ 1.]
 [ 1.]
 [ 1.]
 [ 1.]
 [ 1.]
 [ 1.]
 [ 1.]
 [ 1.]
 [ 1.]
 [ 2.]
 [ 2.]
 [ 2.]
 [ 2.]
 [ 2.]
 [ 2.]
 [ 2.]
 [ 2.]
 [ 2.]
 [ 2.]] 

[[10  0  0]
 [ 0 10  0]
 [ 0  0 10]] 

0.0 


ilc 

Logistic Classifier; 3 classes, 4 features
[[ 0.43056564 -0.47359815 -2.09339323  3.78268684 -2.13395455]
 [-1.72253511 -2.52544633 -3.75290571  5.20966366  5.51204076]] 

[[ 0.]
 [ 0.]
 [ 0.]
 [ 0.]
 [ 0.]
 [ 0.]
 [ 0.]
 [ 0.]
 [ 0.]
 [ 0.]
 [ 0.]
 [ 0.]
 [ 0.]
 [ 0.]
 [ 0.]
 [ 0.]
 [ 0.]
 [ 0.]
 [ 0.]
 [ 0.]
 [ 0.]
 [ 0.]
 [ 0.]
 [ 0.]
 [ 0.]
 [ 0.]
 [ 0.]
 [ 0.]
 [ 0.]
 [ 0.]
 [ 0.]
 [ 0.]
 [ 0.]
 [ 0.]
 [ 0.]
 [ 0.]
 [ 0.]
 [ 0.]
 [ 0.]
 [ 0.]
 [ 1.]
 [ 1.]
 [ 1.]
 [ 1.]
 [ 1.]
 [ 1.]
 [ 1.]
 [ 1.]
 [ 1.]
 [ 1.]
 [ 1.]
 [ 1.]
 [ 1.]
 [ 1.]
 [ 1.]
 [ 1.]
 [ 1.]
 [ 1.]
 [ 1.]
 [ 1.]
 [ 2.]
 [ 1.]
 [ 1.]
 [ 1.]
 [ 1.]
 [ 1.]
 [ 1.]
 [ 1.]
 [ 1.]
 [ 1.]
 [ 1.]
 [ 1.]
 [ 1.]
 [ 2.]
 [ 1.]
 [ 1.]
 [ 1.]
 [ 1.]
 [ 1.]
 [ 1.]
 [ 2.]
 [ 2.]
 [ 2.]
 [ 2.]
 [ 2.]
 [ 2.]
 [ 2.]
 [ 2.]
 [ 2.]
 [ 2.]
 [ 2.]
 [ 2.]
 [ 2.]
 [ 2.]
 [ 2.]
 [ 2.]
 [ 2.]
 [ 2.]
 [ 2.]
 [ 2.]
 [ 2.]
 [ 2.]
 [ 2.]
 [ 2.]
 [ 2.]
 [ 2.]
 [ 2.]
 [ 2.]
 [ 2.]
 [ 1.]
 [ 2.]
 [ 1.]
 [ 2.]
 [ 1.]
 [ 1.]
 [ 2.]
 [ 2.]
 [ 2.]
 [ 2.]
 [ 2.]] 

[[40  0  0]
 [ 0 38  2]
 [ 0  4 36]] 

0.05 


ilc2 

Logistic Classifier; 3 classes, 4 features
[[ 0.64972463 -0.33433326 -2.46344198  4.21537021 -3.43152221]
 [-1.85848589 -2.36272648 -3.24130855  4.61675639  5.76850324]] 

[[ 0.]
 [ 0.]
 [ 0.]
 [ 0.]
 [ 0.]
 [ 0.]
 [ 0.]
 [ 0.]
 [ 0.]
 [ 0.]
 [ 0.]
 [ 0.]
 [ 0.]
 [ 0.]
 [ 0.]
 [ 0.]
 [ 0.]
 [ 0.]
 [ 0.]
 [ 0.]
 [ 0.]
 [ 0.]
 [ 0.]
 [ 0.]
 [ 0.]
 [ 0.]
 [ 0.]
 [ 0.]
 [ 0.]
 [ 0.]
 [ 0.]
 [ 0.]
 [ 0.]
 [ 0.]
 [ 0.]
 [ 0.]
 [ 0.]
 [ 0.]
 [ 0.]
 [ 0.]
 [ 1.]
 [ 1.]
 [ 1.]
 [ 1.]
 [ 1.]
 [ 1.]
 [ 1.]
 [ 1.]
 [ 1.]
 [ 1.]
 [ 1.]
 [ 1.]
 [ 1.]
 [ 1.]
 [ 1.]
 [ 1.]
 [ 1.]
 [ 1.]
 [ 1.]
 [ 1.]
 [ 2.]
 [ 1.]
 [ 1.]
 [ 1.]
 [ 1.]
 [ 1.]
 [ 1.]
 [ 1.]
 [ 1.]
 [ 1.]
 [ 1.]
 [ 1.]
 [ 1.]
 [ 1.]
 [ 1.]
 [ 1.]
 [ 1.]
 [ 1.]
 [ 1.]
 [ 1.]
 [ 2.]
 [ 2.]
 [ 2.]
 [ 2.]
 [ 2.]
 [ 2.]
 [ 2.]
 [ 1.]
 [ 2.]
 [ 2.]
 [ 2.]
 [ 2.]
 [ 2.]
 [ 2.]
 [ 2.]
 [ 2.]
 [ 2.]
 [ 2.]
 [ 2.]
 [ 1.]
 [ 2.]
 [ 2.]
 [ 2.]
 [ 2.]
 [ 2.]
 [ 1.]
 [ 2.]
 [ 2.]
 [ 2.]
 [ 1.]
 [ 2.]
 [ 1.]
 [ 2.]
 [ 1.]
 [ 1.]
 [ 2.]
 [ 2.]
 [ 2.]
 [ 2.]
 [ 2.]] 

[[40  0  0]
 [ 0 39  1]
 [ 0  7 33]] 

0.0666666666667 


ilc3 

Logistic Classifier; 3 classes, 4 features
[[-17.13751145   0.72969665  -7.15104235  12.23466201   3.72045957]
 [-53.727377     1.18896903  -9.01171437  17.68223677  11.9105256 ]] 

[[ 0.]
 [ 0.]
 [ 0.]
 [ 0.]
 [ 0.]
 [ 0.]
 [ 0.]
 [ 0.]
 [ 0.]
 [ 0.]
 [ 0.]
 [ 0.]
 [ 0.]
 [ 0.]
 [ 0.]
 [ 0.]
 [ 0.]
 [ 0.]
 [ 0.]
 [ 0.]
 [ 0.]
 [ 0.]
 [ 0.]
 [ 0.]
 [ 0.]
 [ 0.]
 [ 0.]
 [ 0.]
 [ 0.]
 [ 0.]
 [ 0.]
 [ 0.]
 [ 0.]
 [ 0.]
 [ 0.]
 [ 0.]
 [ 0.]
 [ 0.]
 [ 0.]
 [ 0.]
 [ 1.]
 [ 1.]
 [ 1.]
 [ 1.]
 [ 1.]
 [ 1.]
 [ 1.]
 [ 1.]
 [ 1.]
 [ 1.]
 [ 1.]
 [ 1.]
 [ 1.]
 [ 1.]
 [ 1.]
 [ 1.]
 [ 1.]
 [ 1.]
 [ 1.]
 [ 1.]
 [ 2.]
 [ 1.]
 [ 2.]
 [ 1.]
 [ 1.]
 [ 1.]
 [ 1.]
 [ 2.]
 [ 1.]
 [ 1.]
 [ 1.]
 [ 1.]
 [ 1.]
 [ 2.]
 [ 1.]
 [ 1.]
 [ 1.]
 [ 1.]
 [ 1.]
 [ 1.]
 [ 2.]
 [ 2.]
 [ 2.]
 [ 2.]
 [ 2.]
 [ 2.]
 [ 1.]
 [ 2.]
 [ 2.]
 [ 2.]
 [ 2.]
 [ 2.]
 [ 2.]
 [ 2.]
 [ 2.]
 [ 2.]
 [ 2.]
 [ 2.]
 [ 2.]
 [ 2.]
 [ 2.]
 [ 2.]
 [ 2.]
 [ 2.]
 [ 2.]
 [ 2.]
 [ 2.]
 [ 2.]
 [ 2.]
 [ 2.]
 [ 2.]
 [ 2.]
 [ 2.]
 [ 2.]
 [ 2.]
 [ 2.]
 [ 2.]
 [ 2.]
 [ 2.]
 [ 2.]] 

[[40  0  0]
 [ 0 36  4]
 [ 0  1 39]] 

0.0416666666667 


bc 

Logistic Classifier; 2 classes, 4 features
[[-0.67470928 -0.68372182 -2.72108195  4.1089264   1.7822961 ]] 

[[ 0.]
 [ 0.]
 [ 0.]
 [ 0.]
 [ 0.]
 [ 0.]
 [ 0.]
 [ 0.]
 [ 0.]
 [ 0.]
 [ 1.]
 [ 1.]
 [ 1.]
 [ 1.]
 [ 1.]
 [ 1.]
 [ 1.]
 [ 1.]
 [ 1.]
 [ 1.]] 

1.0 

[[10  0]
 [ 0 10]] 

0.0 

[array([ 0. ,  0.1,  0.2,  0.3,  0.4,  0.5,  0.6,  0.7,  0.8,  0.9,  1. ,
        1. ,  1. ,  1. ,  1. ,  1. ,  1. ,  1. ,  1. ,  1. ,  1. ]), array([ 0. ,  0. ,  0. ,  0. ,  0. ,  0. ,  0. ,  0. ,  0. ,  0. ,  0. ,
        0.1,  0.2,  0.3,  0.4,  0.5,  0.6,  0.7,  0.8,  0.9,  1. ]), array([ 1. ,  1. ,  1. ,  1. ,  1. ,  1. ,  1. ,  1. ,  1. ,  1. ,  1. ,
        1. ,  0.9,  0.8,  0.7,  0.6,  0.5,  0.4,  0.3,  0.2,  0.1])] 


bc2 

Logistic Classifier; 2 classes, 4 features
[[-1.06582362 -0.70878127 -3.11381222  4.59732867  2.33722189]] 

[[ 0.]
 [ 0.]
 [ 0.]
 [ 0.]
 [ 0.]
 [ 0.]
 [ 0.]
 [ 0.]
 [ 0.]
 [ 0.]
 [ 1.]
 [ 1.]
 [ 1.]
 [ 1.]
 [ 1.]
 [ 1.]
 [ 1.]
 [ 1.]
 [ 1.]
 [ 1.]] 

1.0 

[[10  0]
 [ 0 10]] 

0.0 

[array([ 0. ,  0.1,  0.2,  0.3,  0.4,  0.5,  0.6,  0.7,  0.8,  0.9,  1. ,
        1. ,  1. ,  1. ,  1. ,  1. ,  1. ,  1. ,  1. ,  1. ,  1. ]), array([ 0. ,  0. ,  0. ,  0. ,  0. ,  0. ,  0. ,  0. ,  0. ,  0. ,  0. ,
        0.1,  0.2,  0.3,  0.4,  0.5,  0.6,  0.7,  0.8,  0.9,  1. ]), array([ 1. ,  1. ,  1. ,  1. ,  1. ,  1. ,  1. ,  1. ,  1. ,  1. ,  1. ,
        1. ,  0.9,  0.8,  0.7,  0.6,  0.5,  0.4,  0.3,  0.2,  0.1])] 


bc3 

Logistic Classifier; 2 classes, 4 features
[[-25.23648124   0.51772363  -6.52400856  13.11658276   6.08687327]] 

[[ 0.]
 [ 0.]
 [ 0.]
 [ 0.]
 [ 0.]
 [ 0.]
 [ 0.]
 [ 0.]
 [ 0.]
 [ 0.]
 [ 1.]
 [ 1.]
 [ 1.]
 [ 1.]
 [ 1.]
 [ 1.]
 [ 1.]
 [ 1.]
 [ 1.]
 [ 1.]] 

1.0 

[[10  0]
 [ 0 10]] 

0.0 

[array([ 0. ,  0.1,  0.2,  0.3,  0.4,  0.5,  0.6,  0.7,  0.8,  0.9,  1. ,
        1. ,  1. ,  1. ,  1. ,  1. ,  1. ,  1. ,  1. ,  1. ,  1. ]), array([ 0. ,  0. ,  0. ,  0. ,  0. ,  0. ,  0. ,  0. ,  0. ,  0. ,  0. ,
        0.1,  0.2,  0.3,  0.4,  0.5,  0.6,  0.7,  0.8,  0.9,  1. ]), array([ 1. ,  1. ,  1. ,  1. ,  1. ,  1. ,  1. ,  1. ,  1. ,  1. ,  1. ,
        1. ,  0.9,  0.8,  0.7,  0.6,  0.5,  0.4,  0.3,  0.2,  0.1])] 


bc4 

Logistic Classifier; 2 classes, 4 features
[[-2.06476639 -4.23031412 -3.28032341  5.90585899  5.41727856]] 

[[ 1.]
 [ 1.]
 [ 1.]
 [ 1.]
 [ 1.]
 [ 1.]
 [ 1.]
 [ 1.]
 [ 1.]
 [ 1.]
 [ 2.]
 [ 2.]
 [ 2.]
 [ 2.]
 [ 2.]
 [ 2.]
 [ 2.]
 [ 2.]
 [ 2.]
 [ 2.]] 

1.0 

[[10  0]
 [ 0 10]] 

0.0 

[array([ 0. ,  0.1,  0.2,  0.3,  0.4,  0.5,  0.6,  0.7,  0.8,  0.9,  1. ,
        1. ,  1. ,  1. ,  1. ,  1. ,  1. ,  1. ,  1. ,  1. ,  1. ]), array([ 0. ,  0. ,  0. ,  0. ,  0. ,  0. ,  0. ,  0. ,  0. ,  0. ,  0. ,
        0.1,  0.2,  0.3,  0.4,  0.5,  0.6,  0.7,  0.8,  0.9,  1. ]), array([ 1. ,  1. ,  1. ,  1. ,  1. ,  1. ,  1. ,  1. ,  1. ,  1. ,  1. ,
        1. ,  0.9,  0.8,  0.7,  0.6,  0.5,  0.4,  0.3,  0.2,  0.1])] 


bc5 

Logistic Classifier; 2 classes, 4 features
[[-3.50778272 -4.09900294 -3.34503812  5.92716919  5.82008434]] 

[[ 1.]
 [ 1.]
 [ 1.]
 [ 1.]
 [ 1.]
 [ 1.]
 [ 1.]
 [ 1.]
 [ 1.]
 [ 1.]
 [ 2.]
 [ 2.]
 [ 2.]
 [ 2.]
 [ 2.]
 [ 2.]
 [ 2.]
 [ 2.]
 [ 2.]
 [ 2.]] 

1.0 

[[10  0]
 [ 0 10]] 

0.0 

[array([ 0. ,  0.1,  0.2,  0.3,  0.4,  0.5,  0.6,  0.7,  0.8,  0.9,  1. ,
        1. ,  1. ,  1. ,  1. ,  1. ,  1. ,  1. ,  1. ,  1. ,  1. ]), array([ 0. ,  0. ,  0. ,  0. ,  0. ,  0. ,  0. ,  0. ,  0. ,  0. ,  0. ,
        0.1,  0.2,  0.3,  0.4,  0.5,  0.6,  0.7,  0.8,  0.9,  1. ]), array([ 1. ,  1. ,  1. ,  1. ,  1. ,  1. ,  1. ,  1. ,  1. ,  1. ,  1. ,
        1. ,  0.9,  0.8,  0.7,  0.6,  0.5,  0.4,  0.3,  0.2,  0.1])] 


bc6 

Logistic Classifier; 2 classes, 4 features
[[-15.63793906  -3.39899542  -2.67617685   6.82051852   6.59255806]] 

[[ 1.]
 [ 1.]
 [ 1.]
 [ 1.]
 [ 1.]
 [ 1.]
 [ 1.]
 [ 1.]
 [ 1.]
 [ 1.]
 [ 2.]
 [ 2.]
 [ 2.]
 [ 2.]
 [ 2.]
 [ 2.]
 [ 2.]
 [ 2.]
 [ 2.]
 [ 2.]] 

1.0 

[[10  0]
 [ 0 10]] 

0.0 

[array([ 0. ,  0.1,  0.2,  0.3,  0.4,  0.5,  0.6,  0.7,  0.8,  0.9,  1. ,
        1. ,  1. ,  1. ,  1. ,  1. ,  1. ,  1. ,  1. ,  1. ,  1. ]), array([ 0. ,  0. ,  0. ,  0. ,  0. ,  0. ,  0. ,  0. ,  0. ,  0. ,  0. ,
        0.1,  0.2,  0.3,  0.4,  0.5,  0.6,  0.7,  0.8,  0.9,  1. ]), array([ 1. ,  1. ,  1. ,  1. ,  1. ,  1. ,  1. ,  1. ,  1. ,  1. ,  1. ,
        1. ,  0.9,  0.8,  0.7,  0.6,  0.5,  0.4,  0.3,  0.2,  0.1])] 


ibc 

Logistic Classifier; 2 classes, 4 features
[[-0.4287301  -1.01556995 -2.28814158  4.46733939  1.39967882]] 

[[ 0.]
 [ 0.]
 [ 0.]
 [ 0.]
 [ 0.]
 [ 0.]
 [ 0.]
 [ 0.]
 [ 0.]
 [ 0.]
 [ 0.]
 [ 0.]
 [ 0.]
 [ 0.]
 [ 0.]
 [ 0.]
 [ 0.]
 [ 0.]
 [ 0.]
 [ 0.]
 [ 0.]
 [ 0.]
 [ 0.]
 [ 0.]
 [ 0.]
 [ 0.]
 [ 0.]
 [ 0.]
 [ 0.]
 [ 0.]
 [ 0.]
 [ 0.]
 [ 0.]
 [ 0.]
 [ 0.]
 [ 0.]
 [ 0.]
 [ 0.]
 [ 0.]
 [ 0.]
 [ 1.]
 [ 1.]
 [ 1.]
 [ 1.]
 [ 1.]
 [ 1.]
 [ 1.]
 [ 1.]
 [ 1.]
 [ 1.]
 [ 1.]
 [ 1.]
 [ 1.]
 [ 1.]
 [ 1.]
 [ 1.]
 [ 1.]
 [ 1.]
 [ 1.]
 [ 1.]
 [ 1.]
 [ 1.]
 [ 1.]
 [ 1.]
 [ 1.]
 [ 1.]
 [ 1.]
 [ 1.]
 [ 1.]
 [ 1.]
 [ 1.]
 [ 1.]
 [ 1.]
 [ 1.]
 [ 1.]
 [ 1.]
 [ 1.]
 [ 1.]
 [ 1.]
 [ 1.]] 

1.0 

[[40  0]
 [ 0 40]] 

0.0 

[array([ 0.   ,  0.025,  0.05 ,  0.075,  0.1  ,  0.125,  0.15 ,  0.175,
        0.2  ,  0.225,  0.25 ,  0.275,  0.3  ,  0.325,  0.35 ,  0.375,
        0.4  ,  0.425,  0.45 ,  0.475,  0.5  ,  0.525,  0.55 ,  0.575,
        0.6  ,  0.625,  0.65 ,  0.675,  0.7  ,  0.725,  0.75 ,  0.775,
        0.8  ,  0.825,  0.85 ,  0.875,  0.9  ,  0.925,  0.95 ,  0.975,
        1.   ,  1.   ,  1.   ,  1.   ,  1.   ,  1.   ,  1.   ,  1.   ,
        1.   ,  1.   ,  1.   ,  1.   ,  1.   ,  1.   ,  1.   ,  1.   ,
        1.   ,  1.   ,  1.   ,  1.   ,  1.   ,  1.   ,  1.   ,  1.   ,
        1.   ,  1.   ,  1.   ,  1.   ,  1.   ,  1.   ,  1.   ,  1.   ,
        1.   ,  1.   ,  1.   ,  1.   ,  1.   ,  1.   ,  1.   ,  1.   ,  1.   ]), array([ 0.   ,  0.   ,  0.   ,  0.   ,  0.   ,  0.   ,  0.   ,  0.   ,
        0.   ,  0.   ,  0.   ,  0.   ,  0.   ,  0.   ,  0.   ,  0.   ,
        0.   ,  0.   ,  0.   ,  0.   ,  0.   ,  0.   ,  0.   ,  0.   ,
        0.   ,  0.   ,  0.   ,  0.   ,  0.   ,  0.   ,  0.   ,  0.   ,
        0.   ,  0.   ,  0.   ,  0.   ,  0.   ,  0.   ,  0.   ,  0.   ,
        0.   ,  0.025,  0.05 ,  0.075,  0.1  ,  0.125,  0.15 ,  0.175,
        0.2  ,  0.225,  0.25 ,  0.275,  0.3  ,  0.325,  0.35 ,  0.375,
        0.4  ,  0.425,  0.45 ,  0.475,  0.5  ,  0.525,  0.55 ,  0.575,
        0.6  ,  0.625,  0.65 ,  0.675,  0.7  ,  0.725,  0.75 ,  0.775,
        0.8  ,  0.825,  0.85 ,  0.875,  0.9  ,  0.925,  0.95 ,  0.975,  1.   ]), array([ 1.   ,  1.   ,  1.   ,  1.   ,  1.   ,  1.   ,  1.   ,  1.   ,
        1.   ,  1.   ,  1.   ,  1.   ,  1.   ,  1.   ,  1.   ,  1.   ,
        1.   ,  1.   ,  1.   ,  1.   ,  1.   ,  1.   ,  1.   ,  1.   ,
        1.   ,  1.   ,  1.   ,  1.   ,  1.   ,  1.   ,  1.   ,  1.   ,
        1.   ,  1.   ,  1.   ,  1.   ,  1.   ,  1.   ,  1.   ,  1.   ,
        1.   ,  1.   ,  0.975,  0.95 ,  0.925,  0.9  ,  0.875,  0.85 ,
        0.825,  0.8  ,  0.775,  0.75 ,  0.725,  0.7  ,  0.675,  0.65 ,
        0.625,  0.6  ,  0.575,  0.55 ,  0.525,  0.5  ,  0.475,  0.45 ,
        0.425,  0.4  ,  0.375,  0.35 ,  0.325,  0.3  ,  0.275,  0.25 ,
        0.225,  0.2  ,  0.175,  0.15 ,  0.125,  0.1  ,  0.075,  0.05 ,
        0.025])] 


ibc2 

Logistic Classifier; 2 classes, 4 features
[[-0.43607842 -0.94578632 -2.06458768  3.94255271  1.77080658]] 

[[ 0.]
 [ 0.]
 [ 0.]
 [ 0.]
 [ 0.]
 [ 0.]
 [ 0.]
 [ 0.]
 [ 0.]
 [ 0.]
 [ 0.]
 [ 0.]
 [ 0.]
 [ 0.]
 [ 0.]
 [ 0.]
 [ 0.]
 [ 0.]
 [ 0.]
 [ 0.]
 [ 0.]
 [ 0.]
 [ 0.]
 [ 0.]
 [ 0.]
 [ 0.]
 [ 0.]
 [ 0.]
 [ 0.]
 [ 0.]
 [ 0.]
 [ 0.]
 [ 0.]
 [ 0.]
 [ 0.]
 [ 0.]
 [ 0.]
 [ 0.]
 [ 0.]
 [ 0.]
 [ 1.]
 [ 1.]
 [ 1.]
 [ 1.]
 [ 1.]
 [ 1.]
 [ 1.]
 [ 1.]
 [ 1.]
 [ 1.]
 [ 1.]
 [ 1.]
 [ 1.]
 [ 1.]
 [ 1.]
 [ 1.]
 [ 1.]
 [ 1.]
 [ 1.]
 [ 1.]
 [ 1.]
 [ 1.]
 [ 1.]
 [ 1.]
 [ 1.]
 [ 1.]
 [ 1.]
 [ 1.]
 [ 1.]
 [ 1.]
 [ 1.]
 [ 1.]
 [ 1.]
 [ 1.]
 [ 1.]
 [ 1.]
 [ 1.]
 [ 1.]
 [ 1.]
 [ 1.]] 

1.0 

[[40  0]
 [ 0 40]] 

0.0 

[array([ 0.   ,  0.025,  0.05 ,  0.075,  0.1  ,  0.125,  0.15 ,  0.175,
        0.2  ,  0.225,  0.25 ,  0.275,  0.3  ,  0.325,  0.35 ,  0.375,
        0.4  ,  0.425,  0.45 ,  0.475,  0.5  ,  0.525,  0.55 ,  0.575,
        0.6  ,  0.625,  0.65 ,  0.675,  0.7  ,  0.725,  0.75 ,  0.775,
        0.8  ,  0.825,  0.85 ,  0.875,  0.9  ,  0.925,  0.95 ,  0.975,
        1.   ,  1.   ,  1.   ,  1.   ,  1.   ,  1.   ,  1.   ,  1.   ,
        1.   ,  1.   ,  1.   ,  1.   ,  1.   ,  1.   ,  1.   ,  1.   ,
        1.   ,  1.   ,  1.   ,  1.   ,  1.   ,  1.   ,  1.   ,  1.   ,
        1.   ,  1.   ,  1.   ,  1.   ,  1.   ,  1.   ,  1.   ,  1.   ,
        1.   ,  1.   ,  1.   ,  1.   ,  1.   ,  1.   ,  1.   ,  1.   ,  1.   ]), array([ 0.   ,  0.   ,  0.   ,  0.   ,  0.   ,  0.   ,  0.   ,  0.   ,
        0.   ,  0.   ,  0.   ,  0.   ,  0.   ,  0.   ,  0.   ,  0.   ,
        0.   ,  0.   ,  0.   ,  0.   ,  0.   ,  0.   ,  0.   ,  0.   ,
        0.   ,  0.   ,  0.   ,  0.   ,  0.   ,  0.   ,  0.   ,  0.   ,
        0.   ,  0.   ,  0.   ,  0.   ,  0.   ,  0.   ,  0.   ,  0.   ,
        0.   ,  0.025,  0.05 ,  0.075,  0.1  ,  0.125,  0.15 ,  0.175,
        0.2  ,  0.225,  0.25 ,  0.275,  0.3  ,  0.325,  0.35 ,  0.375,
        0.4  ,  0.425,  0.45 ,  0.475,  0.5  ,  0.525,  0.55 ,  0.575,
        0.6  ,  0.625,  0.65 ,  0.675,  0.7  ,  0.725,  0.75 ,  0.775,
        0.8  ,  0.825,  0.85 ,  0.875,  0.9  ,  0.925,  0.95 ,  0.975,  1.   ]), array([ 1.   ,  1.   ,  1.   ,  1.   ,  1.   ,  1.   ,  1.   ,  1.   ,
        1.   ,  1.   ,  1.   ,  1.   ,  1.   ,  1.   ,  1.   ,  1.   ,
        1.   ,  1.   ,  1.   ,  1.   ,  1.   ,  1.   ,  1.   ,  1.   ,
        1.   ,  1.   ,  1.   ,  1.   ,  1.   ,  1.   ,  1.   ,  1.   ,
        1.   ,  1.   ,  1.   ,  1.   ,  1.   ,  1.   ,  1.   ,  1.   ,
        1.   ,  1.   ,  0.975,  0.95 ,  0.925,  0.9  ,  0.875,  0.85 ,
        0.825,  0.8  ,  0.775,  0.75 ,  0.725,  0.7  ,  0.675,  0.65 ,
        0.625,  0.6  ,  0.575,  0.55 ,  0.525,  0.5  ,  0.475,  0.45 ,
        0.425,  0.4  ,  0.375,  0.35 ,  0.325,  0.3  ,  0.275,  0.25 ,
        0.225,  0.2  ,  0.175,  0.15 ,  0.125,  0.1  ,  0.075,  0.05 ,
        0.025])] 


ibc3 

Logistic Classifier; 2 classes, 4 features
[[-19.00059591   0.59052157  -6.81233231  11.68395016   5.88865372]] 

[[ 0.]
 [ 0.]
 [ 0.]
 [ 0.]
 [ 0.]
 [ 0.]
 [ 0.]
 [ 0.]
 [ 0.]
 [ 0.]
 [ 0.]
 [ 0.]
 [ 0.]
 [ 0.]
 [ 0.]
 [ 0.]
 [ 0.]
 [ 0.]
 [ 0.]
 [ 0.]
 [ 0.]
 [ 0.]
 [ 0.]
 [ 0.]
 [ 0.]
 [ 0.]
 [ 0.]
 [ 0.]
 [ 0.]
 [ 0.]
 [ 0.]
 [ 0.]
 [ 0.]
 [ 0.]
 [ 0.]
 [ 0.]
 [ 0.]
 [ 0.]
 [ 0.]
 [ 0.]
 [ 1.]
 [ 1.]
 [ 1.]
 [ 1.]
 [ 1.]
 [ 1.]
 [ 1.]
 [ 1.]
 [ 1.]
 [ 1.]
 [ 1.]
 [ 1.]
 [ 1.]
 [ 1.]
 [ 1.]
 [ 1.]
 [ 1.]
 [ 1.]
 [ 1.]
 [ 1.]
 [ 1.]
 [ 1.]
 [ 1.]
 [ 1.]
 [ 1.]
 [ 1.]
 [ 1.]
 [ 1.]
 [ 1.]
 [ 1.]
 [ 1.]
 [ 1.]
 [ 1.]
 [ 1.]
 [ 1.]
 [ 1.]
 [ 1.]
 [ 1.]
 [ 1.]
 [ 1.]] 

1.0 

[[40  0]
 [ 0 40]] 

0.0 

[array([ 0.   ,  0.025,  0.05 ,  0.075,  0.1  ,  0.125,  0.15 ,  0.175,
        0.2  ,  0.225,  0.25 ,  0.275,  0.3  ,  0.325,  0.35 ,  0.375,
        0.4  ,  0.425,  0.45 ,  0.475,  0.5  ,  0.525,  0.55 ,  0.575,
        0.6  ,  0.625,  0.65 ,  0.675,  0.7  ,  0.725,  0.75 ,  0.775,
        0.8  ,  0.825,  0.85 ,  0.875,  0.9  ,  0.925,  0.95 ,  0.975,
        1.   ,  1.   ,  1.   ,  1.   ,  1.   ,  1.   ,  1.   ,  1.   ,
        1.   ,  1.   ,  1.   ,  1.   ,  1.   ,  1.   ,  1.   ,  1.   ,
        1.   ,  1.   ,  1.   ,  1.   ,  1.   ,  1.   ,  1.   ,  1.   ,
        1.   ,  1.   ,  1.   ,  1.   ,  1.   ,  1.   ,  1.   ,  1.   ,
        1.   ,  1.   ,  1.   ,  1.   ,  1.   ,  1.   ,  1.   ,  1.   ,  1.   ]), array([ 0.   ,  0.   ,  0.   ,  0.   ,  0.   ,  0.   ,  0.   ,  0.   ,
        0.   ,  0.   ,  0.   ,  0.   ,  0.   ,  0.   ,  0.   ,  0.   ,
        0.   ,  0.   ,  0.   ,  0.   ,  0.   ,  0.   ,  0.   ,  0.   ,
        0.   ,  0.   ,  0.   ,  0.   ,  0.   ,  0.   ,  0.   ,  0.   ,
        0.   ,  0.   ,  0.   ,  0.   ,  0.   ,  0.   ,  0.   ,  0.   ,
        0.   ,  0.025,  0.05 ,  0.075,  0.1  ,  0.125,  0.15 ,  0.175,
        0.2  ,  0.225,  0.25 ,  0.275,  0.3  ,  0.325,  0.35 ,  0.375,
        0.4  ,  0.425,  0.45 ,  0.475,  0.5  ,  0.525,  0.55 ,  0.575,
        0.6  ,  0.625,  0.65 ,  0.675,  0.7  ,  0.725,  0.75 ,  0.775,
        0.8  ,  0.825,  0.85 ,  0.875,  0.9  ,  0.925,  0.95 ,  0.975,  1.   ]), array([ 1.   ,  1.   ,  1.   ,  1.   ,  1.   ,  1.   ,  1.   ,  1.   ,
        1.   ,  1.   ,  1.   ,  1.   ,  1.   ,  1.   ,  1.   ,  1.   ,
        1.   ,  1.   ,  1.   ,  1.   ,  1.   ,  1.   ,  1.   ,  1.   ,
        1.   ,  1.   ,  1.   ,  1.   ,  1.   ,  1.   ,  1.   ,  1.   ,
        1.   ,  1.   ,  1.   ,  1.   ,  1.   ,  1.   ,  1.   ,  1.   ,
        1.   ,  1.   ,  0.975,  0.95 ,  0.925,  0.9  ,  0.875,  0.85 ,
        0.825,  0.8  ,  0.775,  0.75 ,  0.725,  0.7  ,  0.675,  0.65 ,
        0.625,  0.6  ,  0.575,  0.55 ,  0.525,  0.5  ,  0.475,  0.45 ,
        0.425,  0.4  ,  0.375,  0.35 ,  0.325,  0.3  ,  0.275,  0.25 ,
        0.225,  0.2  ,  0.175,  0.15 ,  0.125,  0.1  ,  0.075,  0.05 ,
        0.025])] 


ibc4 

Logistic Classifier; 2 classes, 4 features
[[-1.51766985 -1.82619715 -1.809463    1.79409681  5.63439143]] 

[[ 1.]
 [ 1.]
 [ 1.]
 [ 1.]
 [ 1.]
 [ 1.]
 [ 1.]
 [ 1.]
 [ 1.]
 [ 1.]
 [ 1.]
 [ 1.]
 [ 1.]
 [ 1.]
 [ 1.]
 [ 1.]
 [ 1.]
 [ 1.]
 [ 1.]
 [ 1.]
 [ 2.]
 [ 1.]
 [ 1.]
 [ 1.]
 [ 1.]
 [ 1.]
 [ 1.]
 [ 1.]
 [ 1.]
 [ 1.]
 [ 1.]
 [ 1.]
 [ 1.]
 [ 2.]
 [ 1.]
 [ 1.]
 [ 1.]
 [ 1.]
 [ 1.]
 [ 1.]
 [ 2.]
 [ 2.]
 [ 2.]
 [ 2.]
 [ 2.]
 [ 2.]
 [ 2.]
 [ 2.]
 [ 2.]
 [ 2.]
 [ 2.]
 [ 2.]
 [ 2.]
 [ 2.]
 [ 2.]
 [ 2.]
 [ 2.]
 [ 2.]
 [ 2.]
 [ 2.]
 [ 2.]
 [ 2.]
 [ 2.]
 [ 2.]
 [ 2.]
 [ 2.]
 [ 2.]
 [ 2.]
 [ 2.]
 [ 1.]
 [ 2.]
 [ 1.]
 [ 2.]
 [ 1.]
 [ 2.]
 [ 2.]
 [ 2.]
 [ 2.]
 [ 2.]
 [ 2.]] 

1.0 

[[38  2]
 [ 3 37]] 

0.0625 

[array([ 0.   ,  0.025,  0.05 ,  0.075,  0.1  ,  0.125,  0.15 ,  0.175,
        0.2  ,  0.225,  0.25 ,  0.275,  0.3  ,  0.325,  0.35 ,  0.375,
        0.4  ,  0.425,  0.45 ,  0.475,  0.5  ,  0.525,  0.55 ,  0.575,
        0.6  ,  0.625,  0.65 ,  0.675,  0.7  ,  0.725,  0.75 ,  0.775,
        0.8  ,  0.825,  0.85 ,  0.875,  0.875,  0.875,  0.9  ,  0.925,
        0.95 ,  0.95 ,  0.95 ,  0.95 ,  0.975,  0.975,  0.975,  1.   ,
        1.   ,  1.   ,  1.   ,  1.   ,  1.   ,  1.   ,  1.   ,  1.   ,
        1.   ,  1.   ,  1.   ,  1.   ,  1.   ,  1.   ,  1.   ,  1.   ,
        1.   ,  1.   ,  1.   ,  1.   ,  1.   ,  1.   ,  1.   ,  1.   ,
        1.   ,  1.   ,  1.   ,  1.   ,  1.   ,  1.   ,  1.   ,  1.   ,  1.   ]), array([ 0.   ,  0.   ,  0.   ,  0.   ,  0.   ,  0.   ,  0.   ,  0.   ,
        0.   ,  0.   ,  0.   ,  0.   ,  0.   ,  0.   ,  0.   ,  0.   ,
        0.   ,  0.   ,  0.   ,  0.   ,  0.   ,  0.   ,  0.   ,  0.   ,
        0.   ,  0.   ,  0.   ,  0.   ,  0.   ,  0.   ,  0.   ,  0.   ,
        0.   ,  0.   ,  0.   ,  0.   ,  0.025,  0.05 ,  0.05 ,  0.05 ,
        0.05 ,  0.075,  0.1  ,  0.125,  0.125,  0.15 ,  0.175,  0.175,
        0.2  ,  0.225,  0.25 ,  0.275,  0.3  ,  0.325,  0.35 ,  0.375,
        0.4  ,  0.425,  0.45 ,  0.475,  0.5  ,  0.525,  0.55 ,  0.575,
        0.6  ,  0.625,  0.65 ,  0.675,  0.7  ,  0.725,  0.75 ,  0.775,
        0.8  ,  0.825,  0.85 ,  0.875,  0.9  ,  0.925,  0.95 ,  0.975,  1.   ]), array([ 1.   ,  1.   ,  1.   ,  1.   ,  1.   ,  1.   ,  1.   ,  1.   ,
        1.   ,  1.   ,  1.   ,  1.   ,  1.   ,  1.   ,  1.   ,  1.   ,
        1.   ,  1.   ,  1.   ,  1.   ,  1.   ,  1.   ,  1.   ,  1.   ,
        1.   ,  1.   ,  1.   ,  1.   ,  1.   ,  1.   ,  1.   ,  1.   ,
        1.   ,  1.   ,  1.   ,  1.   ,  1.   ,  0.975,  0.95 ,  0.95 ,
        0.95 ,  0.95 ,  0.925,  0.9  ,  0.875,  0.875,  0.85 ,  0.825,
        0.825,  0.8  ,  0.775,  0.75 ,  0.725,  0.7  ,  0.675,  0.65 ,
        0.625,  0.6  ,  0.575,  0.55 ,  0.525,  0.5  ,  0.475,  0.45 ,
        0.425,  0.4  ,  0.375,  0.35 ,  0.325,  0.3  ,  0.275,  0.25 ,
        0.225,  0.2  ,  0.175,  0.15 ,  0.125,  0.1  ,  0.075,  0.05 ,
        0.025])] 


ibc5 

Logistic Classifier; 2 classes, 4 features
[[-1.3746684  -1.86898646 -2.29538218  1.82608578  6.45221638]] 

[[ 1.]
 [ 1.]
 [ 1.]
 [ 1.]
 [ 1.]
 [ 1.]
 [ 1.]
 [ 1.]
 [ 1.]
 [ 1.]
 [ 1.]
 [ 1.]
 [ 1.]
 [ 1.]
 [ 1.]
 [ 1.]
 [ 1.]
 [ 1.]
 [ 1.]
 [ 1.]
 [ 2.]
 [ 1.]
 [ 1.]
 [ 1.]
 [ 1.]
 [ 1.]
 [ 1.]
 [ 1.]
 [ 1.]
 [ 1.]
 [ 1.]
 [ 1.]
 [ 1.]
 [ 2.]
 [ 1.]
 [ 1.]
 [ 1.]
 [ 1.]
 [ 1.]
 [ 1.]
 [ 2.]
 [ 2.]
 [ 2.]
 [ 2.]
 [ 2.]
 [ 2.]
 [ 2.]
 [ 2.]
 [ 2.]
 [ 2.]
 [ 2.]
 [ 2.]
 [ 2.]
 [ 2.]
 [ 2.]
 [ 2.]
 [ 2.]
 [ 2.]
 [ 2.]
 [ 2.]
 [ 2.]
 [ 2.]
 [ 2.]
 [ 2.]
 [ 2.]
 [ 2.]
 [ 2.]
 [ 2.]
 [ 2.]
 [ 1.]
 [ 2.]
 [ 1.]
 [ 2.]
 [ 1.]
 [ 2.]
 [ 2.]
 [ 2.]
 [ 2.]
 [ 2.]
 [ 2.]] 

1.0 

[[38  2]
 [ 3 37]] 

0.0625 

[array([ 0.   ,  0.025,  0.05 ,  0.075,  0.1  ,  0.125,  0.15 ,  0.175,
        0.2  ,  0.225,  0.25 ,  0.275,  0.3  ,  0.325,  0.35 ,  0.375,
        0.4  ,  0.425,  0.45 ,  0.475,  0.5  ,  0.525,  0.55 ,  0.575,
        0.6  ,  0.625,  0.65 ,  0.675,  0.7  ,  0.725,  0.75 ,  0.775,
        0.8  ,  0.825,  0.85 ,  0.875,  0.875,  0.875,  0.9  ,  0.925,
        0.925,  0.925,  0.95 ,  0.95 ,  0.975,  0.975,  1.   ,  1.   ,
        1.   ,  1.   ,  1.   ,  1.   ,  1.   ,  1.   ,  1.   ,  1.   ,
        1.   ,  1.   ,  1.   ,  1.   ,  1.   ,  1.   ,  1.   ,  1.   ,
        1.   ,  1.   ,  1.   ,  1.   ,  1.   ,  1.   ,  1.   ,  1.   ,
        1.   ,  1.   ,  1.   ,  1.   ,  1.   ,  1.   ,  1.   ,  1.   ,  1.   ]), array([ 0.   ,  0.   ,  0.   ,  0.   ,  0.   ,  0.   ,  0.   ,  0.   ,
        0.   ,  0.   ,  0.   ,  0.   ,  0.   ,  0.   ,  0.   ,  0.   ,
        0.   ,  0.   ,  0.   ,  0.   ,  0.   ,  0.   ,  0.   ,  0.   ,
        0.   ,  0.   ,  0.   ,  0.   ,  0.   ,  0.   ,  0.   ,  0.   ,
        0.   ,  0.   ,  0.   ,  0.   ,  0.025,  0.05 ,  0.05 ,  0.05 ,
        0.075,  0.1  ,  0.1  ,  0.125,  0.125,  0.15 ,  0.15 ,  0.175,
        0.2  ,  0.225,  0.25 ,  0.275,  0.3  ,  0.325,  0.35 ,  0.375,
        0.4  ,  0.425,  0.45 ,  0.475,  0.5  ,  0.525,  0.55 ,  0.575,
        0.6  ,  0.625,  0.65 ,  0.675,  0.7  ,  0.725,  0.75 ,  0.775,
        0.8  ,  0.825,  0.85 ,  0.875,  0.9  ,  0.925,  0.95 ,  0.975,  1.   ]), array([ 1.   ,  1.   ,  1.   ,  1.   ,  1.   ,  1.   ,  1.   ,  1.   ,
        1.   ,  1.   ,  1.   ,  1.   ,  1.   ,  1.   ,  1.   ,  1.   ,
        1.   ,  1.   ,  1.   ,  1.   ,  1.   ,  1.   ,  1.   ,  1.   ,
        1.   ,  1.   ,  1.   ,  1.   ,  1.   ,  1.   ,  1.   ,  1.   ,
        1.   ,  1.   ,  1.   ,  1.   ,  1.   ,  0.975,  0.95 ,  0.95 ,
        0.95 ,  0.925,  0.9  ,  0.9  ,  0.875,  0.875,  0.85 ,  0.85 ,
        0.825,  0.8  ,  0.775,  0.75 ,  0.725,  0.7  ,  0.675,  0.65 ,
        0.625,  0.6  ,  0.575,  0.55 ,  0.525,  0.5  ,  0.475,  0.45 ,
        0.425,  0.4  ,  0.375,  0.35 ,  0.325,  0.3  ,  0.275,  0.25 ,
        0.225,  0.2  ,  0.175,  0.15 ,  0.125,  0.1  ,  0.075,  0.05 ,
        0.025])] 


ibc6 

Logistic Classifier; 2 classes, 4 features
[[-15.63793906  -3.39899542  -2.67617685   6.82051852   6.59255806]] 

[[ 1.]
 [ 1.]
 [ 1.]
 [ 1.]
 [ 1.]
 [ 1.]
 [ 1.]
 [ 1.]
 [ 1.]
 [ 1.]
 [ 1.]
 [ 1.]
 [ 1.]
 [ 1.]
 [ 1.]
 [ 1.]
 [ 1.]
 [ 1.]
 [ 1.]
 [ 1.]
 [ 2.]
 [ 1.]
 [ 1.]
 [ 1.]
 [ 1.]
 [ 1.]
 [ 1.]
 [ 1.]
 [ 1.]
 [ 1.]
 [ 1.]
 [ 1.]
 [ 1.]
 [ 2.]
 [ 1.]
 [ 1.]
 [ 1.]
 [ 1.]
 [ 1.]
 [ 1.]
 [ 2.]
 [ 2.]
 [ 2.]
 [ 2.]
 [ 2.]
 [ 2.]
 [ 2.]
 [ 2.]
 [ 2.]
 [ 2.]
 [ 2.]
 [ 2.]
 [ 2.]
 [ 2.]
 [ 2.]
 [ 2.]
 [ 2.]
 [ 2.]
 [ 2.]
 [ 2.]
 [ 2.]
 [ 2.]
 [ 2.]
 [ 2.]
 [ 2.]
 [ 2.]
 [ 2.]
 [ 2.]
 [ 2.]
 [ 2.]
 [ 2.]
 [ 2.]
 [ 2.]
 [ 2.]
 [ 2.]
 [ 2.]
 [ 2.]
 [ 2.]
 [ 2.]
 [ 2.]] 

1.0 

[[38  2]
 [ 0 40]] 

0.025 

[array([ 0.   ,  0.025,  0.05 ,  0.075,  0.1  ,  0.125,  0.15 ,  0.175,
        0.2  ,  0.225,  0.25 ,  0.275,  0.3  ,  0.325,  0.35 ,  0.375,
        0.4  ,  0.425,  0.45 ,  0.475,  0.5  ,  0.525,  0.55 ,  0.575,
        0.6  ,  0.625,  0.65 ,  0.675,  0.7  ,  0.725,  0.75 ,  0.775,
        0.8  ,  0.8  ,  0.825,  0.85 ,  0.875,  0.9  ,  0.925,  0.95 ,
        0.975,  0.975,  1.   ,  1.   ,  1.   ,  1.   ,  1.   ,  1.   ,
        1.   ,  1.   ,  1.   ,  1.   ,  1.   ,  1.   ,  1.   ,  1.   ,
        1.   ,  1.   ,  1.   ,  1.   ,  1.   ,  1.   ,  1.   ,  1.   ,
        1.   ,  1.   ,  1.   ,  1.   ,  1.   ,  1.   ,  1.   ,  1.   ,
        1.   ,  1.   ,  1.   ,  1.   ,  1.   ,  1.   ,  1.   ,  1.   ,  1.   ]), array([ 0.   ,  0.   ,  0.   ,  0.   ,  0.   ,  0.   ,  0.   ,  0.   ,
        0.   ,  0.   ,  0.   ,  0.   ,  0.   ,  0.   ,  0.   ,  0.   ,
        0.   ,  0.   ,  0.   ,  0.   ,  0.   ,  0.   ,  0.   ,  0.   ,
        0.   ,  0.   ,  0.   ,  0.   ,  0.   ,  0.   ,  0.   ,  0.   ,
        0.   ,  0.025,  0.025,  0.025,  0.025,  0.025,  0.025,  0.025,
        0.025,  0.05 ,  0.05 ,  0.075,  0.1  ,  0.125,  0.15 ,  0.175,
        0.2  ,  0.225,  0.25 ,  0.275,  0.3  ,  0.325,  0.35 ,  0.375,
        0.4  ,  0.425,  0.45 ,  0.475,  0.5  ,  0.525,  0.55 ,  0.575,
        0.6  ,  0.625,  0.65 ,  0.675,  0.7  ,  0.725,  0.75 ,  0.775,
        0.8  ,  0.825,  0.85 ,  0.875,  0.9  ,  0.925,  0.95 ,  0.975,  1.   ]), array([ 1.   ,  1.   ,  1.   ,  1.   ,  1.   ,  1.   ,  1.   ,  1.   ,
        1.   ,  1.   ,  1.   ,  1.   ,  1.   ,  1.   ,  1.   ,  1.   ,
        1.   ,  1.   ,  1.   ,  1.   ,  1.   ,  1.   ,  1.   ,  1.   ,
        1.   ,  1.   ,  1.   ,  1.   ,  1.   ,  1.   ,  1.   ,  1.   ,
        1.   ,  1.   ,  0.975,  0.975,  0.975,  0.975,  0.975,  0.975,
        0.975,  0.975,  0.95 ,  0.95 ,  0.925,  0.9  ,  0.875,  0.85 ,
        0.825,  0.8  ,  0.775,  0.75 ,  0.725,  0.7  ,  0.675,  0.65 ,
        0.625,  0.6  ,  0.575,  0.55 ,  0.525,  0.5  ,  0.475,  0.45 ,
        0.425,  0.4  ,  0.375,  0.35 ,  0.325,  0.3  ,  0.275,  0.25 ,
        0.225,  0.2  ,  0.175,  0.15 ,  0.125,  0.1  ,  0.075,  0.05 ,
        0.025])] 

