lc 

Logistic Classifier; 3 classes, 4 features
[[ 0.08607871  0.01676022 -2.74393044  3.01542326 -0.26087814]
 [-2.27447487 -4.09565156 -5.80082336  8.53415003  5.74266636]] 

[[ 0.]
 [ 0.]
 [ 0.]
 [ 0.]
 [ 0.]
 [ 0.]
 [ 0.]
 [ 0.]
 [ 0.]
 [ 0.]
 [ 1.]
 [ 1.]
 [ 1.]
 [ 1.]
 [ 1.]
 [ 1.]
 [ 1.]
 [ 1.]
 [ 1.]
 [ 1.]
 [ 2.]
 [ 2.]
 [ 2.]
 [ 2.]
 [ 2.]
 [ 2.]
 [ 2.]
 [ 2.]
 [ 2.]
 [ 2.]] 

[[  9.96286611e-01   3.71338936e-03   7.34523285e-14]
 [  9.09517149e-01   9.04828500e-02   5.48163728e-10]
 [  9.91446964e-01   8.55303615e-03   2.73842547e-12]
 [  9.91555222e-01   8.44477774e-03   5.29713393e-12]
 [  9.90343561e-01   9.65643950e-03   2.52904749e-12]
 [  9.80581784e-01   1.94182163e-02   7.00027473e-12]
 [  9.95859865e-01   4.14013455e-03   6.23257325e-14]
 [  9.88433230e-01   1.15667700e-02   2.82532510e-12]
 [  9.95956833e-01   4.04316748e-03   2.09054266e-14]
 [  9.91125628e-01   8.87437206e-03   3.08202169e-13]
 [  2.00228287e-03   8.06849615e-01   1.91148102e-01]
 [  3.99061289e-03   9.40288872e-01   5.57205148e-02]
 [  8.12004346e-03   9.84411110e-01   7.46884667e-03]
 [  2.78663336e-02   9.69012664e-01   3.12100271e-03]
 [  5.68318937e-03   9.29337931e-01   6.49788796e-02]
 [  1.32338449e-02   9.76839253e-01   9.92690214e-03]
 [  1.02043392e-02   9.65516147e-01   2.42795133e-02]
 [  7.65020370e-03   9.86836617e-01   5.51317880e-03]
 [  1.11904178e-01   8.87737860e-01   3.57961373e-04]
 [  1.05380490e-02   9.70385023e-01   1.90769277e-02]
 [  9.39028125e-07   2.66921758e-03   9.97329843e-01]
 [  2.30087196e-04   1.49139456e-01   8.50630456e-01]
 [  2.90255185e-06   6.14415336e-03   9.93852944e-01]
 [  3.46985022e-07   1.90449969e-03   9.98095153e-01]
 [  7.19419302e-07   1.55589780e-03   9.98443383e-01]
 [  2.75341756e-05   3.16403997e-02   9.68332066e-01]
 [  1.59314121e-05   4.35464113e-02   9.56437657e-01]
 [  6.45763716e-05   7.99792136e-02   9.19956210e-01]
 [  6.74348812e-06   4.68664264e-03   9.95306614e-01]
 [  4.26973582e-05   4.07979735e-02   9.59159329e-01]] 

[[10  0  0]
 [ 0 10  0]
 [ 0  0 10]] 

0.0 


lc2 

Logistic Classifier; 3 classes, 4 features
[[ 0.72483272  0.02324568 -3.03854893  3.14167313 -0.42858613]
 [-2.83814449 -4.00102925 -6.21444162  8.69948128  6.03552138]] 

[[ 0.]
 [ 0.]
 [ 0.]
 [ 0.]
 [ 0.]
 [ 0.]
 [ 0.]
 [ 0.]
 [ 0.]
 [ 0.]
 [ 1.]
 [ 1.]
 [ 1.]
 [ 1.]
 [ 1.]
 [ 1.]
 [ 1.]
 [ 1.]
 [ 1.]
 [ 1.]
 [ 2.]
 [ 2.]
 [ 2.]
 [ 2.]
 [ 2.]
 [ 2.]
 [ 2.]
 [ 2.]
 [ 2.]
 [ 2.]] 

[[  9.97094560e-01   2.90543968e-03   2.13705196e-14]
 [  9.00574566e-01   9.94254341e-02   2.47222572e-10]
 [  9.92592190e-01   7.40781035e-03   8.27893535e-13]
 [  9.93467001e-01   6.53299877e-03   1.77023647e-12]
 [  9.92647650e-01   7.35235038e-03   7.47211317e-13]
 [  9.82180264e-01   1.78197362e-02   2.50067612e-12]
 [  9.96865482e-01   3.13451796e-03   1.65046052e-14]
 [  9.89838830e-01   1.01611699e-02   8.85231401e-13]
 [  9.96883128e-01   3.11687164e-03   5.78314313e-15]
 [  9.92411660e-01   7.58833981e-03   9.62153672e-14]
 [  1.62138891e-03   8.49627749e-01   1.48750862e-01]
 [  3.50460796e-03   9.50263276e-01   4.62321158e-02]
 [  6.57769445e-03   9.87823391e-01   5.59891438e-03]
 [  2.20231080e-02   9.75964356e-01   2.01253556e-03]
 [  4.76856970e-03   9.44672231e-01   5.05591991e-02]
 [  1.17786788e-02   9.81126238e-01   7.09508272e-03]
 [  8.99374763e-03   9.72564138e-01   1.84421145e-02]
 [  6.60299774e-03   9.89025685e-01   4.37131774e-03]
 [  9.96740768e-02   9.00089013e-01   2.36910054e-04]
 [  9.12177938e-03   9.76289215e-01   1.45890052e-02]
 [  6.19449720e-07   1.89489023e-03   9.98104490e-01]
 [  1.73063030e-04   1.15400848e-01   8.84426089e-01]
 [  2.22103917e-06   5.77775264e-03   9.94220026e-01]
 [  2.31499865e-07   1.40317692e-03   9.98596592e-01]
 [  4.92276295e-07   1.07569657e-03   9.98923811e-01]
 [  1.93131319e-05   2.37816478e-02   9.76199039e-01]
 [  1.09350500e-05   3.85971389e-02   9.61391926e-01]
 [  5.05144841e-05   7.04086214e-02   9.29540864e-01]
 [  5.62051739e-06   3.80320770e-03   9.96191172e-01]
 [  3.76981730e-05   4.12342716e-02   9.58728030e-01]] 

[[10  0  0]
 [ 0 10  0]
 [ 0  0 10]] 

0.0 


lc3 

Logistic Classifier; 3 classes, 4 features
[[ -8.23630387  -0.73840371  -5.00953067   8.16817664   2.98797237]
 [-30.65412934  -5.44138795  -9.19248603  17.76823209  12.86579503]] 

[[ 0.]
 [ 0.]
 [ 0.]
 [ 0.]
 [ 0.]
 [ 0.]
 [ 0.]
 [ 0.]
 [ 0.]
 [ 0.]
 [ 1.]
 [ 1.]
 [ 1.]
 [ 1.]
 [ 1.]
 [ 1.]
 [ 1.]
 [ 1.]
 [ 1.]
 [ 1.]
 [ 2.]
 [ 2.]
 [ 2.]
 [ 2.]
 [ 2.]
 [ 2.]
 [ 2.]
 [ 2.]
 [ 2.]
 [ 2.]] 

[[  9.99999984e-01   1.60644280e-08   4.03922414e-28]
 [  9.99990517e-01   9.48281582e-06   3.78940803e-22]
 [  9.99999917e-01   8.34052710e-08   4.60379724e-26]
 [  9.99999544e-01   4.56437439e-07   3.95871687e-24]
 [  9.99999398e-01   6.01610633e-07   2.29640722e-24]
 [  9.99999484e-01   5.15878167e-07   7.02616237e-25]
 [  9.99999971e-01   2.85473341e-08   8.48294888e-28]
 [  9.99999837e-01   1.62853065e-07   9.16532177e-26]
 [  9.99999982e-01   1.79576863e-08   1.21192009e-28]
 [  9.99999927e-01   7.34447842e-08   4.14626691e-27]
 [  6.74343198e-07   9.93733082e-01   6.26624390e-03]
 [  8.38985052e-07   9.96548351e-01   3.45081029e-03]
 [  2.22203165e-05   9.99944722e-01   3.30574284e-05]
 [  1.51214452e-03   9.98487022e-01   8.33983306e-07]
 [  4.57623750e-06   9.98975614e-01   1.01980972e-03]
 [  2.98833440e-05   9.99902400e-01   6.77165998e-05]
 [  1.34282255e-05   9.99710346e-01   2.76225361e-04]
 [  8.58447605e-06   9.99922702e-01   6.87133072e-05]
 [  3.67806215e-02   9.63219346e-01   3.28230012e-08]
 [  1.84181027e-05   9.99820869e-01   1.60712587e-04]
 [  7.92057165e-16   2.56202099e-05   9.99974380e-01]
 [  6.01555397e-11   2.09653367e-02   9.79034663e-01]
 [  6.70813269e-13   1.18239240e-03   9.98817608e-01]
 [  5.99881517e-17   9.39105190e-06   9.99990609e-01]
 [  2.32698878e-16   8.43341624e-06   9.99991567e-01]
 [  1.39328992e-12   2.10235086e-03   9.97897649e-01]
 [  9.45905445e-12   1.38691001e-02   9.86130900e-01]
 [  2.19646301e-11   1.56756859e-02   9.84324314e-01]
 [  1.03961947e-13   1.56716467e-04   9.99843284e-01]
 [  6.48901386e-11   1.75315684e-02   9.82468432e-01]] 

[[10  0  0]
 [ 0 10  0]
 [ 0  0 10]] 

0.0 


ilc 

Logistic Classifier; 3 classes, 4 features
[[ 0.43056564 -0.47359815 -2.09339323  3.78268684 -2.13395455]
 [-1.72253511 -2.52544633 -3.75290571  5.20966366  5.51204076]] 

[[ 0.]
 [ 0.]
 [ 0.]
 [ 0.]
 [ 0.]
 [ 0.]
 [ 0.]
 [ 0.]
 [ 0.]
 [ 0.]
 [ 0.]
 [ 0.]
 [ 0.]
 [ 0.]
 [ 0.]
 [ 0.]
 [ 0.]
 [ 0.]
 [ 0.]
 [ 0.]
 [ 0.]
 [ 0.]
 [ 0.]
 [ 0.]
 [ 0.]
 [ 0.]
 [ 0.]
 [ 0.]
 [ 0.]
 [ 0.]
 [ 0.]
 [ 0.]
 [ 0.]
 [ 0.]
 [ 0.]
 [ 0.]
 [ 0.]
 [ 0.]
 [ 0.]
 [ 0.]
 [ 1.]
 [ 1.]
 [ 1.]
 [ 1.]
 [ 1.]
 [ 1.]
 [ 1.]
 [ 1.]
 [ 1.]
 [ 1.]
 [ 1.]
 [ 1.]
 [ 1.]
 [ 1.]
 [ 1.]
 [ 1.]
 [ 1.]
 [ 1.]
 [ 1.]
 [ 1.]
 [ 2.]
 [ 1.]
 [ 1.]
 [ 1.]
 [ 1.]
 [ 1.]
 [ 1.]
 [ 1.]
 [ 1.]
 [ 1.]
 [ 1.]
 [ 1.]
 [ 1.]
 [ 2.]
 [ 1.]
 [ 1.]
 [ 1.]
 [ 1.]
 [ 1.]
 [ 1.]
 [ 2.]
 [ 2.]
 [ 2.]
 [ 2.]
 [ 2.]
 [ 2.]
 [ 2.]
 [ 2.]
 [ 2.]
 [ 2.]
 [ 2.]
 [ 2.]
 [ 2.]
 [ 2.]
 [ 2.]
 [ 2.]
 [ 2.]
 [ 2.]
 [ 2.]
 [ 2.]
 [ 2.]
 [ 2.]
 [ 2.]
 [ 2.]
 [ 2.]
 [ 2.]
 [ 2.]
 [ 2.]
 [ 2.]
 [ 1.]
 [ 2.]
 [ 1.]
 [ 2.]
 [ 1.]
 [ 1.]
 [ 2.]
 [ 2.]
 [ 2.]
 [ 2.]
 [ 2.]] 

[[  9.88372541e-01   1.16274554e-02   3.93545353e-09]
 [  9.64472461e-01   3.55274975e-02   4.15579917e-08]
 [  9.82075521e-01   1.79244590e-02   1.96626035e-08]
 [  9.52132316e-01   4.78675831e-02   1.01242868e-07]
 [  9.90094103e-01   9.90589400e-03   3.48692581e-09]
 [  9.91111877e-01   8.88811754e-03   5.92573616e-09]
 [  9.85370032e-01   1.46299329e-02   3.50298827e-08]
 [  9.78283394e-01   2.17165940e-02   1.22873147e-08]
 [  9.45583360e-01   5.44164306e-02   2.09625865e-07]
 [  9.48775242e-01   5.12247311e-02   2.72526895e-08]
 [  9.90293252e-01   9.70674649e-03   1.46920124e-09]
 [  9.65601339e-01   3.43986267e-02   3.38376707e-08]
 [  9.54371408e-01   4.56285619e-02   3.05053486e-08]
 [  9.80895177e-01   1.91047995e-02   2.32228983e-08]
 [  9.98610531e-01   1.38946893e-03   3.66674170e-11]
 [  9.98719758e-01   1.28024139e-03   1.51212709e-10]
 [  9.98028892e-01   1.97110706e-03   7.42594061e-10]
 [  9.90585874e-01   9.41411874e-03   6.84464829e-09]
 [  9.88265946e-01   1.17340518e-02   2.32305223e-09]
 [  9.92651145e-01   7.34885118e-03   3.74583462e-09]
 [  9.62334744e-01   3.76652432e-02   1.24769703e-08]
 [  9.92680669e-01   7.31932133e-03   9.46091257e-09]
 [  9.97344081e-01   2.65591783e-03   1.20036946e-09]
 [  9.71512398e-01   2.84873980e-02   2.04366089e-07]
 [  9.00242942e-01   9.97569073e-02   1.50563874e-07]
 [  9.30351123e-01   6.96487891e-02   8.82751576e-08]
 [  9.79290625e-01   2.07093130e-02   6.23629273e-08]
 [  9.83885362e-01   1.61146325e-02   5.12380620e-09]
 [  9.86355909e-01   1.36440866e-02   4.44033413e-09]
 [  9.46277008e-01   5.37229021e-02   9.04217435e-08]
 [  9.37421710e-01   6.25781890e-02   1.01273887e-07]
 [  9.88155211e-01   1.18447755e-02   1.36104436e-08]
 [  9.94259330e-01   5.74066986e-03   3.13937529e-10]
 [  9.97756574e-01   2.24342623e-03   1.04586922e-10]
 [  9.58207354e-01   4.17925985e-02   4.77628698e-08]
 [  9.89269213e-01   1.07307813e-02   5.51469615e-09]
 [  9.93375925e-01   6.62407458e-03   8.55499908e-10]
 [  9.87180869e-01   1.28191287e-02   2.57903251e-09]
 [  9.69013925e-01   3.09859869e-02   8.76668947e-08]
 [  9.79267089e-01   2.07329015e-02   9.55464859e-09]
 [  5.38022388e-03   9.82737492e-01   1.18822840e-02]
 [  1.00850113e-02   9.27867006e-01   6.20479828e-02]
 [  2.33753496e-03   9.50083654e-01   4.75788110e-02]
 [  3.87150818e-03   8.29830933e-01   1.66297558e-01]
 [  3.00273383e-03   8.88582438e-01   1.08414829e-01]
 [  1.96683199e-03   8.92413100e-01   1.05620068e-01]
 [  6.15526914e-03   8.29073660e-01   1.64771071e-01]
 [  3.05882054e-02   9.48913340e-01   2.04984544e-02]
 [  2.79179669e-03   9.79342484e-01   1.78657189e-02]
 [  1.23104352e-02   7.28569590e-01   2.59119975e-01]
 [  6.52418609e-03   9.50277494e-01   4.31983195e-02]
 [  1.47880676e-02   8.42463548e-01   1.42748384e-01]
 [  2.50034450e-03   9.89038225e-01   8.46143061e-03]
 [  1.69121083e-03   8.86528335e-01   1.11780454e-01]
 [  7.01350426e-02   8.99221977e-01   3.06429801e-02]
 [  1.16435061e-02   9.71628350e-01   1.67281436e-02]
 [  3.29448148e-03   6.72931854e-01   3.23773664e-01]
 [  4.43818132e-03   9.89144905e-01   6.41691324e-03]
 [  7.95978171e-04   6.53124296e-01   3.46079726e-01]
 [  6.88275823e-03   9.71733012e-01   2.13842303e-02]
 [  1.36121850e-03   2.60248549e-01   7.38390233e-01]
 [  1.69245315e-02   9.58612070e-01   2.44633981e-02]
 [  3.60021529e-04   6.82700652e-01   3.16939327e-01]
 [  9.77293152e-04   9.67804366e-01   3.12183411e-02]
 [  7.86159574e-03   9.74670273e-01   1.74681311e-02]
 [  8.96367347e-03   9.66908658e-01   2.41276689e-02]
 [  1.41674878e-03   9.59413643e-01   3.91696079e-02]
 [  1.29084883e-03   6.77418895e-01   3.21290256e-01]
 [  3.82478734e-03   7.96954997e-01   1.99220215e-01]
 [  3.23683852e-02   9.63782236e-01   3.84937849e-03]
 [  7.72322165e-03   9.65574879e-01   2.67018993e-02]
 [  9.24194051e-03   9.79821792e-01   1.09362673e-02]
 [  1.41258596e-02   9.64177117e-01   2.16970231e-02]
 [  1.46249421e-04   3.62037893e-01   6.37815857e-01]
 [  2.57458065e-03   5.78131628e-01   4.19293792e-01]
 [  1.35245346e-02   7.99277894e-01   1.87197571e-01]
 [  4.49256509e-03   9.42050791e-01   5.34566444e-02]
 [  1.40234098e-03   9.34411607e-01   6.41860523e-02]
 [  1.35148370e-02   9.31596303e-01   5.48888601e-02]
 [  6.16150592e-03   8.68893370e-01   1.24945124e-01]
 [  2.99408737e-07   8.07536848e-04   9.99192164e-01]
 [  2.55083889e-05   3.65973560e-02   9.63377136e-01]
 [  1.05349188e-05   5.86347170e-02   9.41354748e-01]
 [  2.20099765e-05   1.34521711e-01   8.65456279e-01]
 [  2.36293755e-06   9.67003512e-03   9.90327602e-01]
 [  9.69531460e-07   6.01457620e-02   9.39853268e-01]
 [  8.43772937e-05   4.46280569e-02   9.55287566e-01]
 [  5.73287824e-06   3.08194209e-01   6.91800058e-01]
 [  4.83048418e-06   1.20257092e-01   8.79738077e-01]
 [  5.28770152e-06   7.25415983e-03   9.92740552e-01]
 [  4.98423013e-04   1.45591825e-01   8.53909752e-01]
 [  3.87177890e-05   8.90899256e-02   9.10871357e-01]
 [  3.97841189e-05   5.62105320e-02   9.43749684e-01]
 [  9.31004985e-06   1.17804030e-02   9.88210287e-01]
 [  2.44637047e-06   9.79471155e-04   9.99018082e-01]
 [  3.02889430e-05   1.04212959e-02   9.89548415e-01]
 [  7.82865517e-05   2.41840393e-01   7.58081320e-01]
 [  8.17264448e-06   1.06837042e-01   8.93154785e-01]
 [  2.04753545e-08   5.68137125e-03   9.94318608e-01]
 [  6.35824633e-05   3.80161607e-01   6.19774811e-01]
 [  1.32456420e-05   1.63301472e-02   9.83656607e-01]
 [  3.72985275e-05   1.80901927e-02   9.81872509e-01]
 [  5.84757492e-07   9.50248319e-02   9.04974583e-01]
 [  3.53285906e-04   2.32364044e-01   7.67282670e-01]
 [  3.35977154e-05   5.65979981e-02   9.43368404e-01]
 [  4.94343048e-05   4.78039241e-01   5.21911324e-01]
 [  6.55674900e-04   2.51249013e-01   7.48095312e-01]
 [  6.43383621e-04   2.48258478e-01   7.51098138e-01]
 [  4.23530499e-06   1.60462995e-02   9.83949465e-01]
 [  7.58128766e-05   8.01310534e-01   1.98613653e-01]
 [  9.30353514e-06   2.22951343e-01   7.77039353e-01]
 [  9.57175917e-05   5.60696353e-01   4.39207929e-01]
 [  2.46173525e-06   7.53451114e-03   9.92463027e-01]
 [  3.37063992e-04   7.26824355e-01   2.72838581e-01]
 [  1.93362753e-05   5.71652950e-01   4.28327714e-01]
 [  5.76548105e-06   3.35859488e-02   9.66408286e-01]
 [  6.05931182e-06   3.61378849e-03   9.96380152e-01]
 [  8.93409146e-05   2.34717388e-01   7.65193271e-01]
 [  8.54156328e-04   2.36733410e-01   7.62412433e-01]
 [  1.20919638e-04   9.05402663e-02   9.09338814e-01]] 

[[40  0  0]
 [ 0 38  2]
 [ 0  4 36]] 

0.05 


ilc2 

Logistic Classifier; 3 classes, 4 features
[[ 0.64972463 -0.33433326 -2.46344198  4.21537021 -3.43152221]
 [-1.85848589 -2.36272648 -3.24130855  4.61675639  5.76850324]] 

[[ 0.]
 [ 0.]
 [ 0.]
 [ 0.]
 [ 0.]
 [ 0.]
 [ 0.]
 [ 0.]
 [ 0.]
 [ 0.]
 [ 0.]
 [ 0.]
 [ 0.]
 [ 0.]
 [ 0.]
 [ 0.]
 [ 0.]
 [ 0.]
 [ 0.]
 [ 0.]
 [ 0.]
 [ 0.]
 [ 0.]
 [ 0.]
 [ 0.]
 [ 0.]
 [ 0.]
 [ 0.]
 [ 0.]
 [ 0.]
 [ 0.]
 [ 0.]
 [ 0.]
 [ 0.]
 [ 0.]
 [ 0.]
 [ 0.]
 [ 0.]
 [ 0.]
 [ 0.]
 [ 1.]
 [ 1.]
 [ 1.]
 [ 1.]
 [ 1.]
 [ 1.]
 [ 1.]
 [ 1.]
 [ 1.]
 [ 1.]
 [ 1.]
 [ 1.]
 [ 1.]
 [ 1.]
 [ 1.]
 [ 1.]
 [ 1.]
 [ 1.]
 [ 1.]
 [ 1.]
 [ 2.]
 [ 1.]
 [ 1.]
 [ 1.]
 [ 1.]
 [ 1.]
 [ 1.]
 [ 1.]
 [ 1.]
 [ 1.]
 [ 1.]
 [ 1.]
 [ 1.]
 [ 1.]
 [ 1.]
 [ 1.]
 [ 1.]
 [ 1.]
 [ 1.]
 [ 1.]
 [ 2.]
 [ 2.]
 [ 2.]
 [ 2.]
 [ 2.]
 [ 2.]
 [ 2.]
 [ 1.]
 [ 2.]
 [ 2.]
 [ 2.]
 [ 2.]
 [ 2.]
 [ 2.]
 [ 2.]
 [ 2.]
 [ 2.]
 [ 2.]
 [ 2.]
 [ 1.]
 [ 2.]
 [ 2.]
 [ 2.]
 [ 2.]
 [ 2.]
 [ 1.]
 [ 2.]
 [ 2.]
 [ 2.]
 [ 1.]
 [ 2.]
 [ 1.]
 [ 2.]
 [ 1.]
 [ 1.]
 [ 2.]
 [ 2.]
 [ 2.]
 [ 2.]
 [ 2.]] 

[[  9.88594699e-01   1.14052797e-02   2.16711896e-08]
 [  9.59441898e-01   4.05579309e-02   1.70587883e-07]
 [  9.82206599e-01   1.77933091e-02   9.23244002e-08]
 [  9.47256040e-01   5.27435670e-02   3.92615593e-07]
 [  9.90761706e-01   9.23827444e-03   1.98919497e-08]
 [  9.93101801e-01   6.89816183e-03   3.71111940e-08]
 [  9.87773350e-01   1.22264767e-02   1.73729060e-07]
 [  9.77265858e-01   2.27340823e-02   5.95333790e-08]
 [  9.39918831e-01   6.00804161e-02   7.53091295e-07]
 [  9.33719093e-01   6.62808002e-02   1.06993592e-07]
 [  9.90374416e-01   9.62557542e-03   8.86737071e-09]
 [  9.63472754e-01   3.65270970e-02   1.49387494e-07]
 [  9.41971066e-01   5.80288146e-02   1.19139578e-07]
 [  9.79855509e-01   2.01443896e-02   1.01095197e-07]
 [  9.98854807e-01   1.14519286e-03   3.29030316e-10]
 [  9.99211565e-01   7.88433922e-04   1.44372779e-09]
 [  9.98715014e-01   1.28498003e-03   5.88762320e-09]
 [  9.91880673e-01   8.11928856e-03   3.87121076e-08]
 [  9.88797809e-01   1.12021767e-02   1.41262947e-08]
 [  9.94076295e-01   5.92368138e-03   2.32812108e-08]
 [  9.54849462e-01   4.51504806e-02   5.69169278e-08]
 [  9.94619897e-01   5.38004522e-03   5.73500951e-08]
 [  9.98029567e-01   1.97042488e-03   8.13366814e-09]
 [  9.76668108e-01   2.33309692e-02   9.23052174e-07]
 [  8.81621339e-01   1.18378115e-01   5.46092791e-07]
 [  9.13249741e-01   8.67499362e-02   3.22785126e-07]
 [  9.82461174e-01   1.75385251e-02   3.01031685e-07]
 [  9.83276949e-01   1.67230241e-02   2.70042182e-08]
 [  9.85926601e-01   1.40733752e-02   2.35974674e-08]
 [  9.39707575e-01   6.02920720e-02   3.52870963e-07]
 [  9.26453915e-01   7.35457056e-02   3.79842320e-07]
 [  9.89858478e-01   1.01414474e-02   7.42880758e-08]
 [  9.94562681e-01   5.43731730e-03   2.19409560e-09]
 [  9.98203919e-01   1.79608059e-03   8.79545730e-10]
 [  9.52048393e-01   4.79514133e-02   1.94233199e-07]
 [  9.89363954e-01   1.06360172e-02   2.88490042e-08]
 [  9.93422345e-01   6.57764985e-03   5.33393339e-09]
 [  9.86593684e-01   1.34063021e-02   1.40907940e-08]
 [  9.68261744e-01   3.17379028e-02   3.53572619e-07]
 [  9.77996933e-01   2.20030196e-02   4.70406585e-08]
 [  4.29356388e-03   9.83977980e-01   1.17284563e-02]
 [  1.05817650e-02   9.05051929e-01   8.43663056e-02]
 [  1.91484979e-03   9.57020601e-01   4.10645496e-02]
 [  3.38015439e-03   8.65578887e-01   1.31040958e-01]
 [  2.66463858e-03   9.00012813e-01   9.73225481e-02]
 [  1.60206894e-03   9.21378091e-01   7.70198397e-02]
 [  6.77068545e-03   7.71605463e-01   2.21623852e-01]
 [  2.65767304e-02   9.51906144e-01   2.15171260e-02]
 [  1.94265437e-03   9.85276937e-01   1.27804082e-02]
 [  1.34481440e-02   6.61527911e-01   3.25023945e-01]
 [  4.49458354e-03   9.69054569e-01   2.64508476e-02]
 [  1.66241955e-02   7.76629371e-01   2.06746434e-01]
 [  1.28224383e-03   9.94980257e-01   3.73749919e-03]
 [  1.40863085e-03   9.13275070e-01   8.53162996e-02]
 [  8.22810818e-02   8.60894313e-01   5.68246054e-02]
 [  1.05890166e-02   9.69069952e-01   2.03410315e-02]
 [  3.51063174e-03   6.42143043e-01   3.54346326e-01]
 [  2.69203450e-03   9.93358149e-01   3.94981632e-03]
 [  7.13265678e-04   7.66065292e-01   2.33221442e-01]
 [  4.96613886e-03   9.79228953e-01   1.58049084e-02]
 [  1.39920706e-03   1.78946486e-01   8.19654307e-01]
 [  1.56257312e-02   9.55347532e-01   2.90267372e-02]
 [  3.03217970e-04   8.12038308e-01   1.87658474e-01]
 [  5.97011618e-04   9.83629054e-01   1.57739339e-02]
 [  6.37973012e-03   9.76767715e-01   1.68525553e-02]
 [  7.97285268e-03   9.65203908e-01   2.68232397e-02]
 [  9.73771961e-04   9.74270246e-01   2.47559818e-02]
 [  1.30743188e-03   6.85874028e-01   3.12818540e-01]
 [  3.84671723e-03   7.87486397e-01   2.08666886e-01]
 [  2.49533179e-02   9.71028907e-01   4.01777519e-03]
 [  5.69370779e-03   9.74305589e-01   2.00007032e-02]
 [  6.23199802e-03   9.86018901e-01   7.74910068e-03]
 [  1.20775249e-02   9.65611750e-01   2.23107248e-02]
 [  1.68619223e-04   5.02840013e-01   4.96991367e-01]
 [  2.78963254e-03   5.45548449e-01   4.51661918e-01]
 [  1.60041635e-02   6.78308144e-01   3.05687693e-01]
 [  4.08764070e-03   9.40062444e-01   5.58499151e-02]
 [  9.12290042e-04   9.65225061e-01   3.38626489e-02]
 [  1.36381001e-02   9.17854422e-01   6.85074779e-02]
 [  5.62645119e-03   8.80304297e-01   1.14069252e-01]
 [  4.20282142e-07   5.23560866e-04   9.99476019e-01]
 [  3.59416788e-05   4.09329999e-02   9.59031058e-01]
 [  1.54461840e-05   7.98162300e-02   9.20168324e-01]
 [  3.22386451e-05   2.20123154e-01   7.79844607e-01]
 [  3.58639632e-06   1.05425926e-02   9.89453821e-01]
 [  1.82976971e-06   1.52955575e-01   8.47042595e-01]
 [  1.12908388e-04   4.50280844e-02   9.54859007e-01]
 [  6.61663796e-06   6.18337583e-01   3.81655801e-01]
 [  8.08218015e-06   3.00485794e-01   6.99506124e-01]
 [  5.85282089e-06   3.92849060e-03   9.96065657e-01]
 [  5.03794783e-04   9.40006321e-02   9.05495573e-01]
 [  5.42210888e-05   1.17399541e-01   8.82546238e-01]
 [  4.96230632e-05   5.25083650e-02   9.47442012e-01]
 [  1.36223247e-05   1.22213135e-02   9.87765064e-01]
 [  2.89545461e-06   4.63511455e-04   9.99533593e-01]
 [  3.07625531e-05   4.92577364e-03   9.95043464e-01]
 [  9.85348695e-05   3.22687354e-01   6.77214111e-01]
 [  1.11839570e-05   1.36269649e-01   8.63719167e-01]
 [  5.77667039e-08   2.23062022e-02   9.77693740e-01]
 [  6.79073349e-05   6.41692517e-01   3.58239576e-01]
 [  1.57109007e-05   1.14904866e-02   9.88493802e-01]
 [  4.50863553e-05   1.31039648e-02   9.86850949e-01]
 [  1.10234401e-06   3.13356195e-01   6.86642702e-01]
 [  4.14580150e-04   2.42309749e-01   7.57275671e-01]
 [  4.12555150e-05   5.00877444e-02   9.49871000e-01]
 [  5.01343413e-05   6.53239007e-01   3.46710859e-01]
 [  7.32463670e-04   2.26992366e-01   7.72275170e-01]
 [  7.10482258e-04   2.12030169e-01   7.87259348e-01]
 [  6.57561587e-06   1.98428500e-02   9.80150574e-01]
 [  5.02776233e-05   9.16640868e-01   8.33088548e-02]
 [  1.25242043e-05   4.42214433e-01   5.57773043e-01]
 [  9.80925052e-05   6.26966423e-01   3.72935485e-01]
 [  3.73791417e-06   8.00327655e-03   9.91992986e-01]
 [  2.80742791e-04   8.34285742e-01   1.65433515e-01]
 [  1.41795908e-05   8.55198050e-01   1.44787770e-01]
 [  8.32362427e-06   4.11668081e-02   9.58824868e-01]
 [  6.55157468e-06   1.66544508e-03   9.98328003e-01]
 [  1.11824333e-04   2.95979956e-01   7.03908220e-01]
 [  9.19211794e-04   1.86083865e-01   8.12996923e-01]
 [  1.35204063e-04   7.09508549e-02   9.28913941e-01]] 

[[40  0  0]
 [ 0 39  1]
 [ 0  7 33]] 

0.0666666666667 


ilc3 

Logistic Classifier; 3 classes, 4 features
[[-17.13751145   0.72969665  -7.15104235  12.23466201   3.72045957]
 [-53.727377     1.18896903  -9.01171437  17.68223677  11.9105256 ]] 

[[ 0.]
 [ 0.]
 [ 0.]
 [ 0.]
 [ 0.]
 [ 0.]
 [ 0.]
 [ 0.]
 [ 0.]
 [ 0.]
 [ 0.]
 [ 0.]
 [ 0.]
 [ 0.]
 [ 0.]
 [ 0.]
 [ 0.]
 [ 0.]
 [ 0.]
 [ 0.]
 [ 0.]
 [ 0.]
 [ 0.]
 [ 0.]
 [ 0.]
 [ 0.]
 [ 0.]
 [ 0.]
 [ 0.]
 [ 0.]
 [ 0.]
 [ 0.]
 [ 0.]
 [ 0.]
 [ 0.]
 [ 0.]
 [ 0.]
 [ 0.]
 [ 0.]
 [ 0.]
 [ 1.]
 [ 1.]
 [ 1.]
 [ 1.]
 [ 1.]
 [ 1.]
 [ 1.]
 [ 1.]
 [ 1.]
 [ 1.]
 [ 1.]
 [ 1.]
 [ 1.]
 [ 1.]
 [ 1.]
 [ 1.]
 [ 1.]
 [ 1.]
 [ 1.]
 [ 1.]
 [ 2.]
 [ 1.]
 [ 2.]
 [ 1.]
 [ 1.]
 [ 1.]
 [ 1.]
 [ 2.]
 [ 1.]
 [ 1.]
 [ 1.]
 [ 1.]
 [ 1.]
 [ 2.]
 [ 1.]
 [ 1.]
 [ 1.]
 [ 1.]
 [ 1.]
 [ 1.]
 [ 2.]
 [ 2.]
 [ 2.]
 [ 2.]
 [ 2.]
 [ 2.]
 [ 1.]
 [ 2.]
 [ 2.]
 [ 2.]
 [ 2.]
 [ 2.]
 [ 2.]
 [ 2.]
 [ 2.]
 [ 2.]
 [ 2.]
 [ 2.]
 [ 2.]
 [ 2.]
 [ 2.]
 [ 2.]
 [ 2.]
 [ 2.]
 [ 2.]
 [ 2.]
 [ 2.]
 [ 2.]
 [ 2.]
 [ 2.]
 [ 2.]
 [ 2.]
 [ 2.]
 [ 2.]
 [ 2.]
 [ 2.]
 [ 2.]
 [ 2.]
 [ 2.]
 [ 2.]] 

[[  9.99999999e-01   1.16320345e-09   2.44014754e-23]
 [  9.99999964e-01   3.59008010e-08   1.74185678e-21]
 [  9.99999998e-01   2.18397288e-09   3.86422646e-23]
 [  9.99999952e-01   4.79525782e-08   2.90174761e-21]
 [  9.99999999e-01   5.28931629e-10   8.79844724e-24]
 [  9.99999993e-01   6.84939525e-09   2.06611374e-21]
 [  9.99999998e-01   2.39523097e-09   1.09112894e-22]
 [  9.99999992e-01   7.51407976e-09   3.12667961e-22]
 [  9.99999949e-01   5.09587002e-08   2.36703607e-21]
 [  9.99999959e-01   4.11438973e-08   1.25979793e-21]
 [  9.99999999e-01   1.17744228e-09   3.36904734e-23]
 [  9.99999978e-01   2.20719025e-08   1.44457676e-21]
 [  9.99999977e-01   2.30057457e-08   4.70011654e-22]
 [  1.00000000e+00   4.06771813e-10   1.28865877e-24]
 [  1.00000000e+00   4.69861203e-12   1.80360523e-26]
 [  1.00000000e+00   2.06635456e-11   9.49149346e-25]
 [  1.00000000e+00   5.13184760e-11   1.75160061e-24]
 [  9.99999998e-01   1.68745884e-09   8.02941009e-23]
 [  9.99999988e-01   1.20146607e-08   2.20886543e-21]
 [  9.99999999e-01   6.71243881e-10   3.15131690e-23]
 [  9.99999884e-01   1.16232154e-07   1.72777817e-20]
 [  9.99999998e-01   1.99078183e-09   2.55348561e-22]
 [  1.00000000e+00   2.95978229e-12   4.63598279e-27]
 [  9.99999417e-01   5.82845510e-07   1.06109781e-18]
 [  9.99999133e-01   8.66708913e-07   2.90756621e-19]
 [  9.99999554e-01   4.46152697e-07   6.73764472e-20]
 [  9.99999946e-01   5.37496218e-08   1.98403010e-20]
 [  9.99999996e-01   4.25295340e-09   1.61057940e-22]
 [  9.99999997e-01   2.55806649e-09   6.76746683e-23]
 [  9.99999914e-01   8.57592680e-08   7.77771260e-21]
 [  9.99999811e-01   1.88598036e-07   2.15705837e-20]
 [  9.99999979e-01   2.11734729e-08   5.44707758e-21]
 [  1.00000000e+00   4.01530169e-11   2.19518887e-25]
 [  1.00000000e+00   1.04341292e-11   7.15063623e-26]
 [  9.99999940e-01   5.96874362e-08   4.14541903e-21]
 [  9.99999999e-01   7.99785617e-10   9.41979805e-24]
 [  1.00000000e+00   4.58218220e-10   6.69933007e-24]
 [  1.00000000e+00   3.38946933e-10   2.37411751e-24]
 [  9.99999993e-01   7.33344295e-09   1.64021706e-22]
 [  9.99999992e-01   8.08287985e-09   3.52143479e-22]
 [  7.65768086e-13   9.05459610e-01   9.45403905e-02]
 [  9.83966871e-12   9.42971628e-01   5.70283721e-02]
 [  1.46694478e-14   5.52494338e-01   4.47505662e-01]
 [  3.07113912e-11   9.97284414e-01   2.71558606e-03]
 [  1.32845896e-13   8.13138503e-01   1.86861497e-01]
 [  2.05818140e-12   9.82376170e-01   1.76238295e-02]
 [  1.03464220e-12   7.55646953e-01   2.44353047e-01]
 [  1.56074154e-06   9.99995193e-01   3.24632883e-06]
 [  6.29030453e-13   9.62625901e-01   3.73740989e-02]
 [  1.56652865e-09   9.98519404e-01   1.48059492e-03]
 [  7.18920688e-09   9.99978724e-01   2.12683340e-05]
 [  1.39304968e-10   9.86576865e-01   1.34231352e-02]
 [  3.19184653e-11   9.99646525e-01   3.53474872e-04]
 [  1.70317580e-13   8.92310209e-01   1.07689791e-01]
 [  2.78944344e-07   9.99894099e-01   1.05622410e-04]
 [  1.97961517e-11   9.79069649e-01   2.09303514e-02]
 [  4.21943536e-12   9.42717463e-01   5.72825375e-02]
 [  3.88119464e-10   9.99780684e-01   2.19315993e-04]
 [  6.98847437e-15   7.38206921e-01   2.61793079e-01]
 [  8.55707268e-10   9.99778530e-01   2.21469085e-04]
 [  3.23487853e-14   2.58042292e-01   7.41957708e-01]
 [  7.08848873e-10   9.98587246e-01   1.41275364e-03]
 [  1.95783731e-16   3.47491087e-01   6.52508913e-01]
 [  1.91087472e-13   9.72521948e-01   2.74780522e-02]
 [  2.94875075e-11   9.93137613e-01   6.86238734e-03]
 [  1.03834094e-11   9.75996574e-01   2.40034263e-02]
 [  1.22478351e-14   7.43119087e-01   2.56880913e-01]
 [  2.36186605e-16   1.12422733e-01   8.87577267e-01]
 [  1.50292397e-12   9.19160470e-01   8.08395299e-02]
 [  3.14955062e-07   9.99990080e-01   9.60532960e-06]
 [  1.53047538e-09   9.99852216e-01   1.47782145e-04]
 [  7.54738048e-09   9.99962201e-01   3.77915340e-05]
 [  2.13024749e-09   9.99620499e-01   3.79498864e-04]
 [  2.03264694e-17   1.16223287e-01   8.83776713e-01]
 [  4.90708737e-12   9.47480672e-01   5.25193283e-02]
 [  3.73167074e-11   9.27056142e-01   7.29438579e-02]
 [  2.84283029e-13   8.00931020e-01   1.99068980e-01]
 [  1.24378132e-13   9.66417161e-01   3.35828389e-02]
 [  1.25552769e-09   9.98665433e-01   1.33456569e-03]
 [  1.28468829e-10   9.98126670e-01   1.87332997e-03]
 [  9.73366761e-27   1.63486869e-06   9.99998365e-01]
 [  8.08830088e-19   1.22022628e-02   9.87797737e-01]
 [  1.73002702e-25   2.95681843e-05   9.99970432e-01]
 [  1.30153006e-21   2.11593752e-03   9.97884062e-01]
 [  6.28829219e-25   2.96070703e-05   9.99970393e-01]
 [  4.02138502e-31   5.18813635e-07   9.99999481e-01]
 [  6.30266035e-14   6.35042786e-01   3.64957214e-01]
 [  1.67297744e-27   2.95702017e-05   9.99970430e-01]
 [  6.41729331e-25   2.81912510e-04   9.99718087e-01]
 [  8.50632332e-27   1.09599433e-06   9.99998904e-01]
 [  9.70533240e-18   9.91229314e-03   9.90087707e-01]
 [  1.16451282e-20   3.14455014e-03   9.96855450e-01]
 [  2.91449584e-22   2.99837372e-04   9.99700163e-01]
 [  2.69034013e-19   6.73076572e-03   9.93269234e-01]
 [  5.22537748e-21   2.47755013e-04   9.99752245e-01]
 [  9.01944018e-21   3.02047149e-04   9.99697953e-01]
 [  1.47796446e-20   4.00113154e-03   9.95998868e-01]
 [  2.50341176e-29   5.61376045e-07   9.99999439e-01]
 [  4.45574176e-36   8.92684976e-09   9.99999991e-01]
 [  4.07225061e-18   1.68644696e-01   8.31355304e-01]
 [  4.22083612e-24   2.71721337e-05   9.99972828e-01]
 [  2.61361380e-17   2.09298582e-02   9.79070142e-01]
 [  3.30620380e-32   4.49318634e-07   9.99999551e-01]
 [  4.78953752e-17   6.20956991e-02   9.37904301e-01]
 [  1.42728782e-22   1.84559044e-04   9.99815441e-01]
 [  5.66147346e-24   2.77250300e-04   9.99722750e-01]
 [  7.25544446e-16   1.25843618e-01   8.74156382e-01]
 [  8.58362825e-16   1.12553946e-01   8.87446054e-01]
 [  1.31977177e-23   1.44057586e-04   9.99855942e-01]
 [  3.46281380e-22   2.91513776e-03   9.97084862e-01]
 [  6.29609896e-27   3.07312453e-05   9.99969269e-01]
 [  4.30109064e-26   1.35049182e-05   9.99986495e-01]
 [  4.01112561e-24   6.35156969e-05   9.99936484e-01]
 [  9.93507991e-17   2.38413149e-01   7.61586851e-01]
 [  1.25477998e-20   3.40112830e-02   9.65988717e-01]
 [  2.27956927e-28   1.46761031e-06   9.99998532e-01]
 [  9.30294725e-23   3.94734526e-05   9.99960527e-01]
 [  4.09468552e-20   5.04061171e-03   9.94959388e-01]
 [  5.19468311e-15   1.86300467e-01   8.13699533e-01]
 [  3.73338415e-21   5.94572587e-04   9.99405427e-01]] 

[[40  0  0]
 [ 0 36  4]
 [ 0  1 39]] 

0.0416666666667 


bc 

Logistic Classifier; 2 classes, 4 features
[[-0.67470928 -0.68372182 -2.72108195  4.1089264   1.7822961 ]] 

[[ 0.]
 [ 0.]
 [ 0.]
 [ 0.]
 [ 0.]
 [ 0.]
 [ 0.]
 [ 0.]
 [ 0.]
 [ 0.]
 [ 1.]
 [ 1.]
 [ 1.]
 [ 1.]
 [ 1.]
 [ 1.]
 [ 1.]
 [ 1.]
 [ 1.]
 [ 1.]] 

[[  9.99565470e-01   4.34529524e-04]
 [  9.84228488e-01   1.57715121e-02]
 [  9.98761338e-01   1.23866213e-03]
 [  9.97461006e-01   2.53899355e-03]
 [  9.97482387e-01   2.51761275e-03]
 [  9.97078214e-01   2.92178623e-03]
 [  9.99485119e-01   5.14880608e-04]
 [  9.98371288e-01   1.62871203e-03]
 [  9.99609069e-01   3.90930675e-04]
 [  9.99055521e-01   9.44478581e-04]
 [  1.65224672e-04   9.99834775e-01]
 [  2.27617175e-04   9.99772383e-01]
 [  1.04849334e-03   9.98951507e-01]
 [  6.76002065e-03   9.93239979e-01]
 [  4.41891992e-04   9.99558108e-01]
 [  1.27813199e-03   9.98721868e-01]
 [  8.15075416e-04   9.99184925e-01]
 [  7.60748854e-04   9.99239251e-01]
 [  3.47935672e-02   9.65206433e-01]
 [  9.36307315e-04   9.99063693e-01]] 

1.0 

[[10  0]
 [ 0 10]] 

0.0 

[array([ 0. ,  0.1,  0.2,  0.3,  0.4,  0.5,  0.6,  0.7,  0.8,  0.9,  1. ,
        1. ,  1. ,  1. ,  1. ,  1. ,  1. ,  1. ,  1. ,  1. ,  1. ]), array([ 0. ,  0. ,  0. ,  0. ,  0. ,  0. ,  0. ,  0. ,  0. ,  0. ,  0. ,
        0.1,  0.2,  0.3,  0.4,  0.5,  0.6,  0.7,  0.8,  0.9,  1. ]), array([ 1. ,  1. ,  1. ,  1. ,  1. ,  1. ,  1. ,  1. ,  1. ,  1. ,  1. ,
        1. ,  0.9,  0.8,  0.7,  0.6,  0.5,  0.4,  0.3,  0.2,  0.1])] 


bc2 

Logistic Classifier; 2 classes, 4 features
[[-1.06582362 -0.70878127 -3.11381222  4.59732867  2.33722189]] 

[[ 0.]
 [ 0.]
 [ 0.]
 [ 0.]
 [ 0.]
 [ 0.]
 [ 0.]
 [ 0.]
 [ 0.]
 [ 0.]
 [ 1.]
 [ 1.]
 [ 1.]
 [ 1.]
 [ 1.]
 [ 1.]
 [ 1.]
 [ 1.]
 [ 1.]
 [ 1.]] 

[[  9.99853799e-01   1.46201445e-04]
 [  9.91332019e-01   8.66798107e-03]
 [  9.99549494e-01   4.50505945e-04]
 [  9.98830506e-01   1.16949420e-03]
 [  9.98934539e-01   1.06546138e-03]
 [  9.98735715e-01   1.26428470e-03]
 [  9.99831756e-01   1.68244453e-04]
 [  9.99380954e-01   6.19045798e-04]
 [  9.99874117e-01   1.25882945e-04]
 [  9.99658426e-01   3.41573585e-04]
 [  4.66458458e-05   9.99953354e-01]
 [  6.19577127e-05   9.99938042e-01]
 [  3.62793394e-04   9.99637207e-01]
 [  3.21435695e-03   9.96785643e-01]
 [  1.35706939e-04   9.99864293e-01]
 [  4.68206333e-04   9.99531794e-01]
 [  2.71510942e-04   9.99728489e-01]
 [  2.44370949e-04   9.99755629e-01]
 [  1.98833005e-02   9.80116699e-01]
 [  3.14917489e-04   9.99685083e-01]] 

1.0 

[[10  0]
 [ 0 10]] 

0.0 

[array([ 0. ,  0.1,  0.2,  0.3,  0.4,  0.5,  0.6,  0.7,  0.8,  0.9,  1. ,
        1. ,  1. ,  1. ,  1. ,  1. ,  1. ,  1. ,  1. ,  1. ,  1. ]), array([ 0. ,  0. ,  0. ,  0. ,  0. ,  0. ,  0. ,  0. ,  0. ,  0. ,  0. ,
        0.1,  0.2,  0.3,  0.4,  0.5,  0.6,  0.7,  0.8,  0.9,  1. ]), array([ 1. ,  1. ,  1. ,  1. ,  1. ,  1. ,  1. ,  1. ,  1. ,  1. ,  1. ,
        1. ,  0.9,  0.8,  0.7,  0.6,  0.5,  0.4,  0.3,  0.2,  0.1])] 


bc3 

Logistic Classifier; 2 classes, 4 features
[[-25.23648124   0.51772363  -6.52400856  13.11658276   6.08687327]] 

[[ 0.]
 [ 0.]
 [ 0.]
 [ 0.]
 [ 0.]
 [ 0.]
 [ 0.]
 [ 0.]
 [ 0.]
 [ 0.]
 [ 1.]
 [ 1.]
 [ 1.]
 [ 1.]
 [ 1.]
 [ 1.]
 [ 1.]
 [ 1.]
 [ 1.]
 [ 1.]] 

[[  1.00000000e+00   2.79197062e-12]
 [  9.99999995e-01   5.41374359e-09]
 [  1.00000000e+00   7.88237079e-12]
 [  9.99999999e-01   8.86946326e-10]
 [  9.99999998e-01   1.99810486e-09]
 [  1.00000000e+00   2.43926144e-10]
 [  1.00000000e+00   1.15606254e-11]
 [  1.00000000e+00   3.24542603e-11]
 [  1.00000000e+00   6.63190614e-12]
 [  1.00000000e+00   2.07910025e-11]
 [  7.13657200e-12   1.00000000e+00]
 [  1.52731392e-12   1.00000000e+00]
 [  1.16043308e-09   9.99999999e-01]
 [  8.14161685e-06   9.99991858e-01]
 [  9.75622140e-11   1.00000000e+00]
 [  1.20544949e-09   9.99999999e-01]
 [  3.41558721e-10   1.00000000e+00]
 [  7.10226984e-11   1.00000000e+00]
 [  7.92760142e-04   9.99207240e-01]
 [  6.60354647e-10   9.99999999e-01]] 

1.0 

[[10  0]
 [ 0 10]] 

0.0 

[array([ 0. ,  0.1,  0.2,  0.3,  0.4,  0.5,  0.6,  0.7,  0.8,  0.9,  1. ,
        1. ,  1. ,  1. ,  1. ,  1. ,  1. ,  1. ,  1. ,  1. ,  1. ]), array([ 0. ,  0. ,  0. ,  0. ,  0. ,  0. ,  0. ,  0. ,  0. ,  0. ,  0. ,
        0.1,  0.2,  0.3,  0.4,  0.5,  0.6,  0.7,  0.8,  0.9,  1. ]), array([ 1. ,  1. ,  1. ,  1. ,  1. ,  1. ,  1. ,  1. ,  1. ,  1. ,  1. ,
        1. ,  0.9,  0.8,  0.7,  0.6,  0.5,  0.4,  0.3,  0.2,  0.1])] 


bc4 

Logistic Classifier; 2 classes, 4 features
[[-2.06476639 -4.23031412 -3.28032341  5.90585899  5.41727856]] 

[[ 1.]
 [ 1.]
 [ 1.]
 [ 1.]
 [ 1.]
 [ 1.]
 [ 1.]
 [ 1.]
 [ 1.]
 [ 1.]
 [ 2.]
 [ 2.]
 [ 2.]
 [ 2.]
 [ 2.]
 [ 2.]
 [ 2.]
 [ 2.]
 [ 2.]
 [ 2.]] 

[[  7.97996813e-01   2.02003187e-01]
 [  9.50711106e-01   4.92888938e-02]
 [  9.93342020e-01   6.65797959e-03]
 [  9.97141135e-01   2.85886495e-03]
 [  9.40717505e-01   5.92824946e-02]
 [  9.91103712e-01   8.89628759e-03]
 [  9.79029086e-01   2.09709140e-02]
 [  9.95358180e-01   4.64182018e-03]
 [  9.99715244e-01   2.84755861e-04]
 [  9.83793099e-01   1.62069009e-02]
 [  4.08066918e-03   9.95919331e-01]
 [  2.39270142e-01   7.60729858e-01]
 [  6.99702519e-03   9.93002975e-01]
 [  2.53159393e-03   9.97468406e-01]
 [  2.53846418e-03   9.97461536e-01]
 [  5.11074076e-02   9.48892592e-01]
 [  5.18788894e-02   9.48121111e-01]
 [  1.05058086e-01   8.94941914e-01]
 [  7.35081840e-03   9.92649182e-01]
 [  4.71379252e-02   9.52862075e-01]] 

1.0 

[[10  0]
 [ 0 10]] 

0.0 

[array([ 0. ,  0.1,  0.2,  0.3,  0.4,  0.5,  0.6,  0.7,  0.8,  0.9,  1. ,
        1. ,  1. ,  1. ,  1. ,  1. ,  1. ,  1. ,  1. ,  1. ,  1. ]), array([ 0. ,  0. ,  0. ,  0. ,  0. ,  0. ,  0. ,  0. ,  0. ,  0. ,  0. ,
        0.1,  0.2,  0.3,  0.4,  0.5,  0.6,  0.7,  0.8,  0.9,  1. ]), array([ 1. ,  1. ,  1. ,  1. ,  1. ,  1. ,  1. ,  1. ,  1. ,  1. ,  1. ,
        1. ,  0.9,  0.8,  0.7,  0.6,  0.5,  0.4,  0.3,  0.2,  0.1])] 


bc5 

Logistic Classifier; 2 classes, 4 features
[[-3.50778272 -4.09900294 -3.34503812  5.92716919  5.82008434]] 

[[ 1.]
 [ 1.]
 [ 1.]
 [ 1.]
 [ 1.]
 [ 1.]
 [ 1.]
 [ 1.]
 [ 1.]
 [ 1.]
 [ 2.]
 [ 2.]
 [ 2.]
 [ 2.]
 [ 2.]
 [ 2.]
 [ 2.]
 [ 2.]
 [ 2.]
 [ 2.]] 

[[  8.43664738e-01   1.56335262e-01]
 [  9.58262377e-01   4.17376226e-02]
 [  9.94965135e-01   5.03486528e-03]
 [  9.98197259e-01   1.80274134e-03]
 [  9.54068393e-01   4.59316067e-02]
 [  9.93497224e-01   6.50277638e-03]
 [  9.83896591e-01   1.61034092e-02]
 [  9.96201239e-01   3.79876090e-03]
 [  9.99814393e-01   1.85607133e-04]
 [  9.87515483e-01   1.24845174e-02]
 [  2.95991839e-03   9.97040082e-01]
 [  1.89350550e-01   8.10649450e-01]
 [  6.87393830e-03   9.93126062e-01]
 [  1.88607873e-03   9.98113921e-01]
 [  1.78714528e-03   9.98212855e-01]
 [  3.91184479e-02   9.60881552e-01]
 [  4.74299555e-02   9.52570045e-01]
 [  9.32119961e-02   9.06788004e-01]
 [  6.07079125e-03   9.93929209e-01]
 [  4.84435302e-02   9.51556470e-01]] 

1.0 

[[10  0]
 [ 0 10]] 

0.0 

[array([ 0. ,  0.1,  0.2,  0.3,  0.4,  0.5,  0.6,  0.7,  0.8,  0.9,  1. ,
        1. ,  1. ,  1. ,  1. ,  1. ,  1. ,  1. ,  1. ,  1. ,  1. ]), array([ 0. ,  0. ,  0. ,  0. ,  0. ,  0. ,  0. ,  0. ,  0. ,  0. ,  0. ,
        0.1,  0.2,  0.3,  0.4,  0.5,  0.6,  0.7,  0.8,  0.9,  1. ]), array([ 1. ,  1. ,  1. ,  1. ,  1. ,  1. ,  1. ,  1. ,  1. ,  1. ,  1. ,
        1. ,  0.9,  0.8,  0.7,  0.6,  0.5,  0.4,  0.3,  0.2,  0.1])] 


bc6 

Logistic Classifier; 2 classes, 4 features
[[-15.63793906  -3.39899542  -2.67617685   6.82051852   6.59255806]] 

[[ 1.]
 [ 1.]
 [ 1.]
 [ 1.]
 [ 1.]
 [ 1.]
 [ 1.]
 [ 1.]
 [ 1.]
 [ 1.]
 [ 2.]
 [ 2.]
 [ 2.]
 [ 2.]
 [ 2.]
 [ 2.]
 [ 2.]
 [ 2.]
 [ 2.]
 [ 2.]] 

[[  9.66725478e-01   3.32745223e-02]
 [  9.78041016e-01   2.19589845e-02]
 [  9.99189484e-01   8.10516033e-04]
 [  9.99937971e-01   6.20285497e-05]
 [  9.90819836e-01   9.18016370e-03]
 [  9.98473875e-01   1.52612509e-03]
 [  9.96153059e-01   3.84694115e-03]
 [  9.98605841e-01   1.39415945e-03]
 [  9.99993540e-01   6.45991182e-06]
 [  9.97454950e-01   2.54504982e-03]
 [  6.68579528e-04   9.99331420e-01]
 [  7.17327511e-02   9.28267249e-01]
 [  8.72573337e-03   9.91274267e-01]
 [  3.06781205e-04   9.99693219e-01]
 [  2.98704001e-04   9.99701296e-01]
 [  1.49226368e-02   9.85077363e-01]
 [  5.28299419e-02   9.47170058e-01]
 [  5.25567979e-02   9.47443202e-01]
 [  2.06003212e-03   9.97939968e-01]
 [  5.06563465e-02   9.49343654e-01]] 

1.0 

[[10  0]
 [ 0 10]] 

0.0 

[array([ 0. ,  0.1,  0.2,  0.3,  0.4,  0.5,  0.6,  0.7,  0.8,  0.9,  1. ,
        1. ,  1. ,  1. ,  1. ,  1. ,  1. ,  1. ,  1. ,  1. ,  1. ]), array([ 0. ,  0. ,  0. ,  0. ,  0. ,  0. ,  0. ,  0. ,  0. ,  0. ,  0. ,
        0.1,  0.2,  0.3,  0.4,  0.5,  0.6,  0.7,  0.8,  0.9,  1. ]), array([ 1. ,  1. ,  1. ,  1. ,  1. ,  1. ,  1. ,  1. ,  1. ,  1. ,  1. ,
        1. ,  0.9,  0.8,  0.7,  0.6,  0.5,  0.4,  0.3,  0.2,  0.1])] 


ibc 

Logistic Classifier; 2 classes, 4 features
[[-0.4287301  -1.01556995 -2.28814158  4.46733939  1.39967882]] 

[[ 0.]
 [ 0.]
 [ 0.]
 [ 0.]
 [ 0.]
 [ 0.]
 [ 0.]
 [ 0.]
 [ 0.]
 [ 0.]
 [ 0.]
 [ 0.]
 [ 0.]
 [ 0.]
 [ 0.]
 [ 0.]
 [ 0.]
 [ 0.]
 [ 0.]
 [ 0.]
 [ 0.]
 [ 0.]
 [ 0.]
 [ 0.]
 [ 0.]
 [ 0.]
 [ 0.]
 [ 0.]
 [ 0.]
 [ 0.]
 [ 0.]
 [ 0.]
 [ 0.]
 [ 0.]
 [ 0.]
 [ 0.]
 [ 0.]
 [ 0.]
 [ 0.]
 [ 0.]
 [ 1.]
 [ 1.]
 [ 1.]
 [ 1.]
 [ 1.]
 [ 1.]
 [ 1.]
 [ 1.]
 [ 1.]
 [ 1.]
 [ 1.]
 [ 1.]
 [ 1.]
 [ 1.]
 [ 1.]
 [ 1.]
 [ 1.]
 [ 1.]
 [ 1.]
 [ 1.]
 [ 1.]
 [ 1.]
 [ 1.]
 [ 1.]
 [ 1.]
 [ 1.]
 [ 1.]
 [ 1.]
 [ 1.]
 [ 1.]
 [ 1.]
 [ 1.]
 [ 1.]
 [ 1.]
 [ 1.]
 [ 1.]
 [ 1.]
 [ 1.]
 [ 1.]
 [ 1.]] 

[[  9.99160967e-01   8.39032714e-04]
 [  9.96780282e-01   3.21971765e-03]
 [  9.98400534e-01   1.59946560e-03]
 [  9.94582270e-01   5.41772990e-03]
 [  9.99261152e-01   7.38848430e-04]
 [  9.98748564e-01   1.25143582e-03]
 [  9.97986478e-01   2.01352168e-03]
 [  9.98176762e-01   1.82323791e-03]
 [  9.93298085e-01   6.70191458e-03]
 [  9.96520166e-01   3.47983396e-03]
 [  9.99387890e-01   6.12109643e-04]
 [  9.96513862e-01   3.48613822e-03]
 [  9.96901234e-01   3.09876647e-03]
 [  9.98649683e-01   1.35031733e-03]
 [  9.99946236e-01   5.37636552e-05]
 [  9.99879582e-01   1.20417993e-04]
 [  9.99790200e-01   2.09799743e-04]
 [  9.99035035e-01   9.64964712e-04]
 [  9.98991252e-01   1.00874784e-03]
 [  9.99240554e-01   7.59445602e-04]
 [  9.97035496e-01   2.96450444e-03]
 [  9.98902234e-01   1.09776558e-03]
 [  9.99814150e-01   1.85849700e-04]
 [  9.92344817e-01   7.65518307e-03]
 [  9.86813229e-01   1.31867713e-02]
 [  9.92919646e-01   7.08035413e-03]
 [  9.96236543e-01   3.76345734e-03]
 [  9.98815494e-01   1.18450568e-03]
 [  9.99047211e-01   9.52788551e-04]
 [  9.93917770e-01   6.08222956e-03]
 [  9.93098054e-01   6.90194615e-03]
 [  9.98392728e-01   1.60727165e-03]
 [  9.99738835e-01   2.61164898e-04]
 [  9.99887264e-01   1.12736051e-04]
 [  9.95999458e-01   4.00054178e-03]
 [  9.99244889e-01   7.55111391e-04]
 [  9.99642273e-01   3.57726730e-04]
 [  9.99288973e-01   7.11026538e-04]
 [  9.96578284e-01   3.42171551e-03]
 [  9.98352543e-01   1.64745732e-03]
 [  3.04579853e-04   9.99695420e-01]
 [  3.51793407e-04   9.99648207e-01]
 [  7.78943261e-05   9.99922106e-01]
 [  2.22169106e-04   9.99777831e-01]
 [  9.97695073e-05   9.99900230e-01]
 [  9.15682448e-05   9.99908432e-01]
 [  1.42177342e-04   9.99857823e-01]
 [  5.24440055e-03   9.94755599e-01]
 [  1.83659888e-04   9.99816340e-01]
 [  5.55826805e-04   9.99444173e-01]
 [  9.55324556e-04   9.99044675e-01]
 [  5.11666309e-04   9.99488334e-01]
 [  4.46789962e-04   9.99553210e-01]
 [  6.14805589e-05   9.99938519e-01]
 [  5.76326128e-03   9.94236739e-01]
 [  6.82165432e-04   9.99317835e-01]
 [  9.88113870e-05   9.99901189e-01]
 [  7.32179645e-04   9.99267820e-01]
 [  2.91399836e-05   9.99970860e-01]
 [  8.03287295e-04   9.99196713e-01]
 [  3.64327857e-05   9.99963567e-01]
 [  1.28150629e-03   9.98718494e-01]
 [  1.07316075e-05   9.99989268e-01]
 [  6.47050590e-05   9.99935295e-01]
 [  5.72369396e-04   9.99427631e-01]
 [  4.90337037e-04   9.99509663e-01]
 [  6.36926817e-05   9.99936307e-01]
 [  2.44543645e-05   9.99975546e-01]
 [  1.17990899e-04   9.99882009e-01]
 [  7.62461414e-03   9.92375386e-01]
 [  9.02326195e-04   9.99097674e-01]
 [  1.62125865e-03   9.98378741e-01]
 [  1.35145638e-03   9.98648544e-01]
 [  4.44918625e-06   9.99995551e-01]
 [  8.06498564e-05   9.99919350e-01]
 [  3.21985451e-04   9.99678015e-01]
 [  1.55342063e-04   9.99844658e-01]
 [  8.38556925e-05   9.99916144e-01]
 [  7.80084928e-04   9.99219915e-01]
 [  3.51053357e-04   9.99648947e-01]] 

1.0 

[[40  0]
 [ 0 40]] 

0.0 

[array([ 0.   ,  0.025,  0.05 ,  0.075,  0.1  ,  0.125,  0.15 ,  0.175,
        0.2  ,  0.225,  0.25 ,  0.275,  0.3  ,  0.325,  0.35 ,  0.375,
        0.4  ,  0.425,  0.45 ,  0.475,  0.5  ,  0.525,  0.55 ,  0.575,
        0.6  ,  0.625,  0.65 ,  0.675,  0.7  ,  0.725,  0.75 ,  0.775,
        0.8  ,  0.825,  0.85 ,  0.875,  0.9  ,  0.925,  0.95 ,  0.975,
        1.   ,  1.   ,  1.   ,  1.   ,  1.   ,  1.   ,  1.   ,  1.   ,
        1.   ,  1.   ,  1.   ,  1.   ,  1.   ,  1.   ,  1.   ,  1.   ,
        1.   ,  1.   ,  1.   ,  1.   ,  1.   ,  1.   ,  1.   ,  1.   ,
        1.   ,  1.   ,  1.   ,  1.   ,  1.   ,  1.   ,  1.   ,  1.   ,
        1.   ,  1.   ,  1.   ,  1.   ,  1.   ,  1.   ,  1.   ,  1.   ,  1.   ]), array([ 0.   ,  0.   ,  0.   ,  0.   ,  0.   ,  0.   ,  0.   ,  0.   ,
        0.   ,  0.   ,  0.   ,  0.   ,  0.   ,  0.   ,  0.   ,  0.   ,
        0.   ,  0.   ,  0.   ,  0.   ,  0.   ,  0.   ,  0.   ,  0.   ,
        0.   ,  0.   ,  0.   ,  0.   ,  0.   ,  0.   ,  0.   ,  0.   ,
        0.   ,  0.   ,  0.   ,  0.   ,  0.   ,  0.   ,  0.   ,  0.   ,
        0.   ,  0.025,  0.05 ,  0.075,  0.1  ,  0.125,  0.15 ,  0.175,
        0.2  ,  0.225,  0.25 ,  0.275,  0.3  ,  0.325,  0.35 ,  0.375,
        0.4  ,  0.425,  0.45 ,  0.475,  0.5  ,  0.525,  0.55 ,  0.575,
        0.6  ,  0.625,  0.65 ,  0.675,  0.7  ,  0.725,  0.75 ,  0.775,
        0.8  ,  0.825,  0.85 ,  0.875,  0.9  ,  0.925,  0.95 ,  0.975,  1.   ]), array([ 1.   ,  1.   ,  1.   ,  1.   ,  1.   ,  1.   ,  1.   ,  1.   ,
        1.   ,  1.   ,  1.   ,  1.   ,  1.   ,  1.   ,  1.   ,  1.   ,
        1.   ,  1.   ,  1.   ,  1.   ,  1.   ,  1.   ,  1.   ,  1.   ,
        1.   ,  1.   ,  1.   ,  1.   ,  1.   ,  1.   ,  1.   ,  1.   ,
        1.   ,  1.   ,  1.   ,  1.   ,  1.   ,  1.   ,  1.   ,  1.   ,
        1.   ,  1.   ,  0.975,  0.95 ,  0.925,  0.9  ,  0.875,  0.85 ,
        0.825,  0.8  ,  0.775,  0.75 ,  0.725,  0.7  ,  0.675,  0.65 ,
        0.625,  0.6  ,  0.575,  0.55 ,  0.525,  0.5  ,  0.475,  0.45 ,
        0.425,  0.4  ,  0.375,  0.35 ,  0.325,  0.3  ,  0.275,  0.25 ,
        0.225,  0.2  ,  0.175,  0.15 ,  0.125,  0.1  ,  0.075,  0.05 ,
        0.025])] 


ibc2 

Logistic Classifier; 2 classes, 4 features
[[-0.43607842 -0.94578632 -2.06458768  3.94255271  1.77080658]] 

[[ 0.]
 [ 0.]
 [ 0.]
 [ 0.]
 [ 0.]
 [ 0.]
 [ 0.]
 [ 0.]
 [ 0.]
 [ 0.]
 [ 0.]
 [ 0.]
 [ 0.]
 [ 0.]
 [ 0.]
 [ 0.]
 [ 0.]
 [ 0.]
 [ 0.]
 [ 0.]
 [ 0.]
 [ 0.]
 [ 0.]
 [ 0.]
 [ 0.]
 [ 0.]
 [ 0.]
 [ 0.]
 [ 0.]
 [ 0.]
 [ 0.]
 [ 0.]
 [ 0.]
 [ 0.]
 [ 0.]
 [ 0.]
 [ 0.]
 [ 0.]
 [ 0.]
 [ 0.]
 [ 1.]
 [ 1.]
 [ 1.]
 [ 1.]
 [ 1.]
 [ 1.]
 [ 1.]
 [ 1.]
 [ 1.]
 [ 1.]
 [ 1.]
 [ 1.]
 [ 1.]
 [ 1.]
 [ 1.]
 [ 1.]
 [ 1.]
 [ 1.]
 [ 1.]
 [ 1.]
 [ 1.]
 [ 1.]
 [ 1.]
 [ 1.]
 [ 1.]
 [ 1.]
 [ 1.]
 [ 1.]
 [ 1.]
 [ 1.]
 [ 1.]
 [ 1.]
 [ 1.]
 [ 1.]
 [ 1.]
 [ 1.]
 [ 1.]
 [ 1.]
 [ 1.]
 [ 1.]] 

[[  9.98657543e-01   1.34245698e-03]
 [  9.95460820e-01   4.53918035e-03]
 [  9.97548192e-01   2.45180774e-03]
 [  9.92746037e-01   7.25396319e-03]
 [  9.98799470e-01   1.20053042e-03]
 [  9.97943219e-01   2.05678097e-03]
 [  9.96844594e-01   3.15540563e-03]
 [  9.97312942e-01   2.68705786e-03]
 [  9.91085374e-01   8.91462599e-03]
 [  9.95412141e-01   4.58785869e-03]
 [  9.99007518e-01   9.92482131e-04]
 [  9.95194634e-01   4.80536558e-03]
 [  9.95818776e-01   4.18122369e-03]
 [  9.97939685e-01   2.06031493e-03]
 [  9.99887761e-01   1.12239288e-04]
 [  9.99748821e-01   2.51178745e-04]
 [  9.99574396e-01   4.25604081e-04]
 [  9.98397889e-01   1.60211099e-03]
 [  9.98404406e-01   1.59559447e-03]
 [  9.98720430e-01   1.27957002e-03]
 [  9.95955810e-01   4.04418951e-03]
 [  9.98123393e-01   1.87660735e-03]
 [  9.99637635e-01   3.62364648e-04]
 [  9.88848698e-01   1.11513018e-02]
 [  9.84486955e-01   1.55130445e-02]
 [  9.90955631e-01   9.04436907e-03]
 [  9.94337443e-01   5.66255653e-03]
 [  9.98189308e-01   1.81069214e-03]
 [  9.98498863e-01   1.50113687e-03]
 [  9.92042958e-01   7.95704238e-03]
 [  9.91109387e-01   8.89061303e-03]
 [  9.97376898e-01   2.62310250e-03]
 [  9.99559899e-01   4.40100592e-04]
 [  9.99783009e-01   2.16991292e-04]
 [  9.94528211e-01   5.47178921e-03]
 [  9.98753870e-01   1.24612951e-03]
 [  9.99379572e-01   6.20428101e-04]
 [  9.98894435e-01   1.10556501e-03]
 [  9.95091281e-01   4.90871919e-03]
 [  9.97554840e-01   2.44516046e-03]
 [  6.44839714e-04   9.99355160e-01]
 [  6.73798359e-04   9.99326202e-01]
 [  1.81787137e-04   9.99818213e-01]
 [  4.59090243e-04   9.99540910e-01]
 [  2.18737952e-04   9.99781262e-01]
 [  2.16949318e-04   9.99783051e-01]
 [  2.87035752e-04   9.99712964e-01]
 [  8.52839846e-03   9.91471602e-01]
 [  4.21100169e-04   9.99578900e-01]
 [  9.80437465e-04   9.99019563e-01]
 [  1.87821077e-03   9.98121789e-01]
 [  9.06556242e-04   9.99093444e-01]
 [  1.01878198e-03   9.98981218e-01]
 [  1.48252155e-04   9.99851748e-01]
 [  8.36372699e-03   9.91636273e-01]
 [  1.28810708e-03   9.98711893e-01]
 [  2.09316821e-04   9.99790683e-01]
 [  1.59506111e-03   9.98404939e-01]
 [  7.07950567e-05   9.99929205e-01]
 [  1.61002892e-03   9.98389971e-01]
 [  7.56886551e-05   9.99924311e-01]
 [  2.26923899e-03   9.97730761e-01]
 [  2.98672917e-05   9.99970133e-01]
 [  1.71845106e-04   9.99828155e-01]
 [  1.13656208e-03   9.98863438e-01]
 [  9.53583067e-04   9.99046417e-01]
 [  1.57628592e-04   9.99842371e-01]
 [  5.79121782e-05   9.99942088e-01]
 [  2.48555337e-04   9.99751445e-01]
 [  1.24346878e-02   9.87565312e-01]
 [  1.76705218e-03   9.98232948e-01]
 [  3.12454239e-03   9.96875458e-01]
 [  2.46057240e-03   9.97539428e-01]
 [  1.29406216e-05   9.99987059e-01]
 [  1.73248643e-04   9.99826751e-01]
 [  5.84374899e-04   9.99415625e-01]
 [  3.30974217e-04   9.99669026e-01]
 [  2.02170575e-04   9.99797829e-01]
 [  1.44201638e-03   9.98557984e-01]
 [  6.93623749e-04   9.99306376e-01]] 

1.0 

[[40  0]
 [ 0 40]] 

0.0 

[array([ 0.   ,  0.025,  0.05 ,  0.075,  0.1  ,  0.125,  0.15 ,  0.175,
        0.2  ,  0.225,  0.25 ,  0.275,  0.3  ,  0.325,  0.35 ,  0.375,
        0.4  ,  0.425,  0.45 ,  0.475,  0.5  ,  0.525,  0.55 ,  0.575,
        0.6  ,  0.625,  0.65 ,  0.675,  0.7  ,  0.725,  0.75 ,  0.775,
        0.8  ,  0.825,  0.85 ,  0.875,  0.9  ,  0.925,  0.95 ,  0.975,
        1.   ,  1.   ,  1.   ,  1.   ,  1.   ,  1.   ,  1.   ,  1.   ,
        1.   ,  1.   ,  1.   ,  1.   ,  1.   ,  1.   ,  1.   ,  1.   ,
        1.   ,  1.   ,  1.   ,  1.   ,  1.   ,  1.   ,  1.   ,  1.   ,
        1.   ,  1.   ,  1.   ,  1.   ,  1.   ,  1.   ,  1.   ,  1.   ,
        1.   ,  1.   ,  1.   ,  1.   ,  1.   ,  1.   ,  1.   ,  1.   ,  1.   ]), array([ 0.   ,  0.   ,  0.   ,  0.   ,  0.   ,  0.   ,  0.   ,  0.   ,
        0.   ,  0.   ,  0.   ,  0.   ,  0.   ,  0.   ,  0.   ,  0.   ,
        0.   ,  0.   ,  0.   ,  0.   ,  0.   ,  0.   ,  0.   ,  0.   ,
        0.   ,  0.   ,  0.   ,  0.   ,  0.   ,  0.   ,  0.   ,  0.   ,
        0.   ,  0.   ,  0.   ,  0.   ,  0.   ,  0.   ,  0.   ,  0.   ,
        0.   ,  0.025,  0.05 ,  0.075,  0.1  ,  0.125,  0.15 ,  0.175,
        0.2  ,  0.225,  0.25 ,  0.275,  0.3  ,  0.325,  0.35 ,  0.375,
        0.4  ,  0.425,  0.45 ,  0.475,  0.5  ,  0.525,  0.55 ,  0.575,
        0.6  ,  0.625,  0.65 ,  0.675,  0.7  ,  0.725,  0.75 ,  0.775,
        0.8  ,  0.825,  0.85 ,  0.875,  0.9  ,  0.925,  0.95 ,  0.975,  1.   ]), array([ 1.   ,  1.   ,  1.   ,  1.   ,  1.   ,  1.   ,  1.   ,  1.   ,
        1.   ,  1.   ,  1.   ,  1.   ,  1.   ,  1.   ,  1.   ,  1.   ,
        1.   ,  1.   ,  1.   ,  1.   ,  1.   ,  1.   ,  1.   ,  1.   ,
        1.   ,  1.   ,  1.   ,  1.   ,  1.   ,  1.   ,  1.   ,  1.   ,
        1.   ,  1.   ,  1.   ,  1.   ,  1.   ,  1.   ,  1.   ,  1.   ,
        1.   ,  1.   ,  0.975,  0.95 ,  0.925,  0.9  ,  0.875,  0.85 ,
        0.825,  0.8  ,  0.775,  0.75 ,  0.725,  0.7  ,  0.675,  0.65 ,
        0.625,  0.6  ,  0.575,  0.55 ,  0.525,  0.5  ,  0.475,  0.45 ,
        0.425,  0.4  ,  0.375,  0.35 ,  0.325,  0.3  ,  0.275,  0.25 ,
        0.225,  0.2  ,  0.175,  0.15 ,  0.125,  0.1  ,  0.075,  0.05 ,
        0.025])] 


ibc3 

Logistic Classifier; 2 classes, 4 features
[[-19.00059591   0.59052157  -6.81233231  11.68395016   5.88865372]] 

[[ 0.]
 [ 0.]
 [ 0.]
 [ 0.]
 [ 0.]
 [ 0.]
 [ 0.]
 [ 0.]
 [ 0.]
 [ 0.]
 [ 0.]
 [ 0.]
 [ 0.]
 [ 0.]
 [ 0.]
 [ 0.]
 [ 0.]
 [ 0.]
 [ 0.]
 [ 0.]
 [ 0.]
 [ 0.]
 [ 0.]
 [ 0.]
 [ 0.]
 [ 0.]
 [ 0.]
 [ 0.]
 [ 0.]
 [ 0.]
 [ 0.]
 [ 0.]
 [ 0.]
 [ 0.]
 [ 0.]
 [ 0.]
 [ 0.]
 [ 0.]
 [ 0.]
 [ 0.]
 [ 1.]
 [ 1.]
 [ 1.]
 [ 1.]
 [ 1.]
 [ 1.]
 [ 1.]
 [ 1.]
 [ 1.]
 [ 1.]
 [ 1.]
 [ 1.]
 [ 1.]
 [ 1.]
 [ 1.]
 [ 1.]
 [ 1.]
 [ 1.]
 [ 1.]
 [ 1.]
 [ 1.]
 [ 1.]
 [ 1.]
 [ 1.]
 [ 1.]
 [ 1.]
 [ 1.]
 [ 1.]
 [ 1.]
 [ 1.]
 [ 1.]
 [ 1.]
 [ 1.]
 [ 1.]
 [ 1.]
 [ 1.]
 [ 1.]
 [ 1.]
 [ 1.]
 [ 1.]] 

[[  1.00000000e+00   2.07303332e-10]
 [  9.99999994e-01   5.55384039e-09]
 [  1.00000000e+00   3.92791580e-10]
 [  9.99999992e-01   7.57228568e-09]
 [  1.00000000e+00   9.88790814e-11]
 [  9.99999998e-01   1.75341822e-09]
 [  9.99999999e-01   5.49506669e-10]
 [  9.99999999e-01   1.24234895e-09]
 [  9.99999992e-01   8.16994431e-09]
 [  9.99999995e-01   5.01676881e-09]
 [  1.00000000e+00   2.03826291e-10]
 [  9.99999996e-01   3.55123205e-09]
 [  9.99999997e-01   2.90540305e-09]
 [  1.00000000e+00   6.49671380e-11]
 [  1.00000000e+00   1.00460256e-12]
 [  1.00000000e+00   6.70948847e-12]
 [  1.00000000e+00   1.63747803e-11]
 [  1.00000000e+00   3.73548730e-10]
 [  9.99999998e-01   2.29582322e-09]
 [  1.00000000e+00   1.55670841e-10]
 [  9.99999984e-01   1.62810613e-08]
 [  9.99999999e-01   5.54375575e-10]
 [  1.00000000e+00   7.29138931e-13]
 [  9.99999842e-01   1.57696970e-07]
 [  9.99999882e-01   1.18211989e-07]
 [  9.99999939e-01   6.09669420e-08]
 [  9.99999987e-01   1.29763653e-08]
 [  9.99999999e-01   7.07424043e-10]
 [  1.00000000e+00   4.34618433e-10]
 [  9.99999987e-01   1.30750900e-08]
 [  9.99999973e-01   2.74123672e-08]
 [  9.99999995e-01   5.10869133e-09]
 [  1.00000000e+00   6.58876223e-12]
 [  1.00000000e+00   2.22945933e-12]
 [  9.99999991e-01   9.03993000e-09]
 [  1.00000000e+00   1.45771539e-10]
 [  1.00000000e+00   8.16136645e-11]
 [  1.00000000e+00   5.17270148e-11]
 [  9.99999999e-01   1.28509655e-09]
 [  9.99999999e-01   1.31792174e-09]
 [  3.12285759e-12   1.00000000e+00]
 [  2.55589124e-11   1.00000000e+00]
 [  8.98972433e-14   1.00000000e+00]
 [  1.05748352e-10   1.00000000e+00]
 [  4.90959313e-13   1.00000000e+00]
 [  8.22475902e-12   1.00000000e+00]
 [  2.87374502e-12   1.00000000e+00]
 [  6.21181339e-06   9.99993788e-01]
 [  2.96986886e-12   1.00000000e+00]
 [  3.43812406e-09   9.99999997e-01]
 [  3.70934055e-08   9.99999963e-01]
 [  2.92646515e-10   1.00000000e+00]
 [  2.33029332e-10   1.00000000e+00]
 [  6.88333511e-13   1.00000000e+00]
 [  6.36022291e-07   9.99999364e-01]
 [  6.27938264e-11   1.00000000e+00]
 [  1.04953980e-11   1.00000000e+00]
 [  2.45784391e-09   9.99999998e-01]
 [  3.16428862e-14   1.00000000e+00]
 [  4.06676164e-09   9.99999996e-01]
 [  1.76305975e-13   1.00000000e+00]
 [  2.23705477e-09   9.99999998e-01]
 [  2.15024294e-15   1.00000000e+00]
 [  1.13090219e-12   1.00000000e+00]
 [  1.11253030e-10   1.00000000e+00]
 [  3.37059941e-11   1.00000000e+00]
 [  7.16132511e-14   1.00000000e+00]
 [  4.90086931e-15   1.00000000e+00]
 [  4.19332935e-12   1.00000000e+00]
 [  1.46187051e-06   9.99998538e-01]
 [  7.02209042e-09   9.99999993e-01]
 [  4.07037941e-08   9.99999959e-01]
 [  7.83298598e-09   9.99999992e-01]
 [  5.37701537e-16   1.00000000e+00]
 [  1.18111168e-11   1.00000000e+00]
 [  7.01612242e-11   1.00000000e+00]
 [  1.04687166e-12   1.00000000e+00]
 [  6.15737165e-13   1.00000000e+00]
 [  3.64914319e-09   9.99999996e-01]
 [  4.13033497e-10   1.00000000e+00]] 

1.0 

[[40  0]
 [ 0 40]] 

0.0 

[array([ 0.   ,  0.025,  0.05 ,  0.075,  0.1  ,  0.125,  0.15 ,  0.175,
        0.2  ,  0.225,  0.25 ,  0.275,  0.3  ,  0.325,  0.35 ,  0.375,
        0.4  ,  0.425,  0.45 ,  0.475,  0.5  ,  0.525,  0.55 ,  0.575,
        0.6  ,  0.625,  0.65 ,  0.675,  0.7  ,  0.725,  0.75 ,  0.775,
        0.8  ,  0.825,  0.85 ,  0.875,  0.9  ,  0.925,  0.95 ,  0.975,
        1.   ,  1.   ,  1.   ,  1.   ,  1.   ,  1.   ,  1.   ,  1.   ,
        1.   ,  1.   ,  1.   ,  1.   ,  1.   ,  1.   ,  1.   ,  1.   ,
        1.   ,  1.   ,  1.   ,  1.   ,  1.   ,  1.   ,  1.   ,  1.   ,
        1.   ,  1.   ,  1.   ,  1.   ,  1.   ,  1.   ,  1.   ,  1.   ,
        1.   ,  1.   ,  1.   ,  1.   ,  1.   ,  1.   ,  1.   ,  1.   ,  1.   ]), array([ 0.   ,  0.   ,  0.   ,  0.   ,  0.   ,  0.   ,  0.   ,  0.   ,
        0.   ,  0.   ,  0.   ,  0.   ,  0.   ,  0.   ,  0.   ,  0.   ,
        0.   ,  0.   ,  0.   ,  0.   ,  0.   ,  0.   ,  0.   ,  0.   ,
        0.   ,  0.   ,  0.   ,  0.   ,  0.   ,  0.   ,  0.   ,  0.   ,
        0.   ,  0.   ,  0.   ,  0.   ,  0.   ,  0.   ,  0.   ,  0.   ,
        0.   ,  0.025,  0.05 ,  0.075,  0.1  ,  0.125,  0.15 ,  0.175,
        0.2  ,  0.225,  0.25 ,  0.275,  0.3  ,  0.325,  0.35 ,  0.375,
        0.4  ,  0.425,  0.45 ,  0.475,  0.5  ,  0.525,  0.55 ,  0.575,
        0.6  ,  0.625,  0.65 ,  0.675,  0.7  ,  0.725,  0.75 ,  0.775,
        0.8  ,  0.825,  0.85 ,  0.875,  0.9  ,  0.925,  0.95 ,  0.975,  1.   ]), array([ 1.   ,  1.   ,  1.   ,  1.   ,  1.   ,  1.   ,  1.   ,  1.   ,
        1.   ,  1.   ,  1.   ,  1.   ,  1.   ,  1.   ,  1.   ,  1.   ,
        1.   ,  1.   ,  1.   ,  1.   ,  1.   ,  1.   ,  1.   ,  1.   ,
        1.   ,  1.   ,  1.   ,  1.   ,  1.   ,  1.   ,  1.   ,  1.   ,
        1.   ,  1.   ,  1.   ,  1.   ,  1.   ,  1.   ,  1.   ,  1.   ,
        1.   ,  1.   ,  0.975,  0.95 ,  0.925,  0.9  ,  0.875,  0.85 ,
        0.825,  0.8  ,  0.775,  0.75 ,  0.725,  0.7  ,  0.675,  0.65 ,
        0.625,  0.6  ,  0.575,  0.55 ,  0.525,  0.5  ,  0.475,  0.45 ,
        0.425,  0.4  ,  0.375,  0.35 ,  0.325,  0.3  ,  0.275,  0.25 ,
        0.225,  0.2  ,  0.175,  0.15 ,  0.125,  0.1  ,  0.075,  0.05 ,
        0.025])] 


ibc4 

Logistic Classifier; 2 classes, 4 features
[[-1.51766985 -1.82619715 -1.809463    1.79409681  5.63439143]] 

[[ 1.]
 [ 1.]
 [ 1.]
 [ 1.]
 [ 1.]
 [ 1.]
 [ 1.]
 [ 1.]
 [ 1.]
 [ 1.]
 [ 1.]
 [ 1.]
 [ 1.]
 [ 1.]
 [ 1.]
 [ 1.]
 [ 1.]
 [ 1.]
 [ 1.]
 [ 1.]
 [ 2.]
 [ 1.]
 [ 1.]
 [ 1.]
 [ 1.]
 [ 1.]
 [ 1.]
 [ 1.]
 [ 1.]
 [ 1.]
 [ 1.]
 [ 1.]
 [ 1.]
 [ 2.]
 [ 1.]
 [ 1.]
 [ 1.]
 [ 1.]
 [ 1.]
 [ 1.]
 [ 2.]
 [ 2.]
 [ 2.]
 [ 2.]
 [ 2.]
 [ 2.]
 [ 2.]
 [ 2.]
 [ 2.]
 [ 2.]
 [ 2.]
 [ 2.]
 [ 2.]
 [ 2.]
 [ 2.]
 [ 2.]
 [ 2.]
 [ 2.]
 [ 2.]
 [ 2.]
 [ 2.]
 [ 2.]
 [ 2.]
 [ 2.]
 [ 2.]
 [ 2.]
 [ 2.]
 [ 2.]
 [ 2.]
 [ 1.]
 [ 2.]
 [ 1.]
 [ 2.]
 [ 1.]
 [ 2.]
 [ 2.]
 [ 2.]
 [ 2.]
 [ 2.]
 [ 2.]] 

[[ 0.9774878   0.0225122 ]
 [ 0.92205421  0.07794579]
 [ 0.92309093  0.07690907]
 [ 0.77248967  0.22751033]
 [ 0.85195472  0.14804528]
 [ 0.83136685  0.16863315]
 [ 0.82443059  0.17556941]
 [ 0.96281072  0.03718928]
 [ 0.96232877  0.03767123]
 [ 0.73386464  0.26613536]
 [ 0.91323987  0.08676013]
 [ 0.84990144  0.15009856]
 [ 0.97454089  0.02545911]
 [ 0.8298426   0.1701574 ]
 [ 0.96114764  0.03885236]
 [ 0.97288957  0.02711043]
 [ 0.65650102  0.34349898]
 [ 0.98210145  0.01789855]
 [ 0.57343699  0.42656301]
 [ 0.95577462  0.04422538]
 [ 0.33826073  0.66173927]
 [ 0.961686    0.038314  ]
 [ 0.57534869  0.42465131]
 [ 0.9262487   0.0737513 ]
 [ 0.96812222  0.03187778]
 [ 0.9614611   0.0385389 ]
 [ 0.92431649  0.07568351]
 [ 0.65308563  0.34691437]
 [ 0.76803925  0.23196075]
 [ 0.9911449   0.0088551 ]
 [ 0.94730332  0.05269668]
 [ 0.97421693  0.02578307]
 [ 0.96220011  0.03779989]
 [ 0.30906008  0.69093992]
 [ 0.57015919  0.42984081]
 [ 0.82325602  0.17674398]
 [ 0.92263391  0.07736609]
 [ 0.87715302  0.12284698]
 [ 0.92359723  0.07640277]
 [ 0.82981484  0.17018516]
 [ 0.00285274  0.99714726]
 [ 0.05416291  0.94583709]
 [ 0.07548505  0.92451495]
 [ 0.12800748  0.87199252]
 [ 0.0182516   0.9817484 ]
 [ 0.05477942  0.94522058]
 [ 0.06524057  0.93475943]
 [ 0.20613817  0.79386183]
 [ 0.09356883  0.90643117]
 [ 0.02084424  0.97915576]
 [ 0.22435877  0.77564123]
 [ 0.10686464  0.89313536]
 [ 0.08822081  0.91177919]
 [ 0.02212625  0.97787375]
 [ 0.00408507  0.99591493]
 [ 0.03011365  0.96988635]
 [ 0.23270555  0.76729445]
 [ 0.12338455  0.87661545]
 [ 0.00634088  0.99365912]
 [ 0.27559867  0.72440133]
 [ 0.03637781  0.96362219]
 [ 0.03736331  0.96263669]
 [ 0.06640024  0.93359976]
 [ 0.26410961  0.73589039]
 [ 0.08833347  0.91166653]
 [ 0.38938109  0.61061891]
 [ 0.30006661  0.69993339]
 [ 0.30003788  0.69996212]
 [ 0.02640772  0.97359228]
 [ 0.66237377  0.33762623]
 [ 0.17489727  0.82510273]
 [ 0.51738905  0.48261095]
 [ 0.01520551  0.98479449]
 [ 0.61957092  0.38042908]
 [ 0.36054168  0.63945832]
 [ 0.0523857   0.9476143 ]
 [ 0.01219336  0.98780664]
 [ 0.23240689  0.76759311]
 [ 0.29936416  0.70063584]
 [ 0.14275678  0.85724322]] 

1.0 

[[38  2]
 [ 3 37]] 

0.0625 

[array([ 0.   ,  0.025,  0.05 ,  0.075,  0.1  ,  0.125,  0.15 ,  0.175,
        0.2  ,  0.225,  0.25 ,  0.275,  0.3  ,  0.325,  0.35 ,  0.375,
        0.4  ,  0.425,  0.45 ,  0.475,  0.5  ,  0.525,  0.55 ,  0.575,
        0.6  ,  0.625,  0.65 ,  0.675,  0.7  ,  0.725,  0.75 ,  0.775,
        0.8  ,  0.825,  0.85 ,  0.875,  0.875,  0.875,  0.9  ,  0.925,
        0.95 ,  0.95 ,  0.95 ,  0.95 ,  0.975,  0.975,  0.975,  1.   ,
        1.   ,  1.   ,  1.   ,  1.   ,  1.   ,  1.   ,  1.   ,  1.   ,
        1.   ,  1.   ,  1.   ,  1.   ,  1.   ,  1.   ,  1.   ,  1.   ,
        1.   ,  1.   ,  1.   ,  1.   ,  1.   ,  1.   ,  1.   ,  1.   ,
        1.   ,  1.   ,  1.   ,  1.   ,  1.   ,  1.   ,  1.   ,  1.   ,  1.   ]), array([ 0.   ,  0.   ,  0.   ,  0.   ,  0.   ,  0.   ,  0.   ,  0.   ,
        0.   ,  0.   ,  0.   ,  0.   ,  0.   ,  0.   ,  0.   ,  0.   ,
        0.   ,  0.   ,  0.   ,  0.   ,  0.   ,  0.   ,  0.   ,  0.   ,
        0.   ,  0.   ,  0.   ,  0.   ,  0.   ,  0.   ,  0.   ,  0.   ,
        0.   ,  0.   ,  0.   ,  0.   ,  0.025,  0.05 ,  0.05 ,  0.05 ,
        0.05 ,  0.075,  0.1  ,  0.125,  0.125,  0.15 ,  0.175,  0.175,
        0.2  ,  0.225,  0.25 ,  0.275,  0.3  ,  0.325,  0.35 ,  0.375,
        0.4  ,  0.425,  0.45 ,  0.475,  0.5  ,  0.525,  0.55 ,  0.575,
        0.6  ,  0.625,  0.65 ,  0.675,  0.7  ,  0.725,  0.75 ,  0.775,
        0.8  ,  0.825,  0.85 ,  0.875,  0.9  ,  0.925,  0.95 ,  0.975,  1.   ]), array([ 1.   ,  1.   ,  1.   ,  1.   ,  1.   ,  1.   ,  1.   ,  1.   ,
        1.   ,  1.   ,  1.   ,  1.   ,  1.   ,  1.   ,  1.   ,  1.   ,
        1.   ,  1.   ,  1.   ,  1.   ,  1.   ,  1.   ,  1.   ,  1.   ,
        1.   ,  1.   ,  1.   ,  1.   ,  1.   ,  1.   ,  1.   ,  1.   ,
        1.   ,  1.   ,  1.   ,  1.   ,  1.   ,  0.975,  0.95 ,  0.95 ,
        0.95 ,  0.95 ,  0.925,  0.9  ,  0.875,  0.875,  0.85 ,  0.825,
        0.825,  0.8  ,  0.775,  0.75 ,  0.725,  0.7  ,  0.675,  0.65 ,
        0.625,  0.6  ,  0.575,  0.55 ,  0.525,  0.5  ,  0.475,  0.45 ,
        0.425,  0.4  ,  0.375,  0.35 ,  0.325,  0.3  ,  0.275,  0.25 ,
        0.225,  0.2  ,  0.175,  0.15 ,  0.125,  0.1  ,  0.075,  0.05 ,
        0.025])] 


ibc5 

Logistic Classifier; 2 classes, 4 features
[[-1.3746684  -1.86898646 -2.29538218  1.82608578  6.45221638]] 

[[ 1.]
 [ 1.]
 [ 1.]
 [ 1.]
 [ 1.]
 [ 1.]
 [ 1.]
 [ 1.]
 [ 1.]
 [ 1.]
 [ 1.]
 [ 1.]
 [ 1.]
 [ 1.]
 [ 1.]
 [ 1.]
 [ 1.]
 [ 1.]
 [ 1.]
 [ 1.]
 [ 2.]
 [ 1.]
 [ 1.]
 [ 1.]
 [ 1.]
 [ 1.]
 [ 1.]
 [ 1.]
 [ 1.]
 [ 1.]
 [ 1.]
 [ 1.]
 [ 1.]
 [ 2.]
 [ 1.]
 [ 1.]
 [ 1.]
 [ 1.]
 [ 1.]
 [ 1.]
 [ 2.]
 [ 2.]
 [ 2.]
 [ 2.]
 [ 2.]
 [ 2.]
 [ 2.]
 [ 2.]
 [ 2.]
 [ 2.]
 [ 2.]
 [ 2.]
 [ 2.]
 [ 2.]
 [ 2.]
 [ 2.]
 [ 2.]
 [ 2.]
 [ 2.]
 [ 2.]
 [ 2.]
 [ 2.]
 [ 2.]
 [ 2.]
 [ 2.]
 [ 2.]
 [ 2.]
 [ 2.]
 [ 2.]
 [ 1.]
 [ 2.]
 [ 1.]
 [ 2.]
 [ 1.]
 [ 2.]
 [ 2.]
 [ 2.]
 [ 2.]
 [ 2.]
 [ 2.]] 

[[ 0.98503688  0.01496312]
 [ 0.94189785  0.05810215]
 [ 0.94048766  0.05951234]
 [ 0.77578126  0.22421874]
 [ 0.86667003  0.13332997]
 [ 0.86409117  0.13590883]
 [ 0.86031334  0.13968666]
 [ 0.9724367   0.0275633 ]
 [ 0.97284627  0.02715373]
 [ 0.75696148  0.24303852]
 [ 0.92178485  0.07821515]
 [ 0.87434667  0.12565333]
 [ 0.97980401  0.02019599]
 [ 0.86013215  0.13986785]
 [ 0.9716897   0.0283103 ]
 [ 0.98101022  0.01898978]
 [ 0.6966569   0.3033431 ]
 [ 0.98871748  0.01128252]
 [ 0.52909576  0.47090424]
 [ 0.96643971  0.03356029]
 [ 0.34699152  0.65300848]
 [ 0.97098031  0.02901969]
 [ 0.565028    0.434972  ]
 [ 0.94671247  0.05328753]
 [ 0.97708406  0.02291594]
 [ 0.97148083  0.02851917]
 [ 0.93776208  0.06223792]
 [ 0.66459241  0.33540759]
 [ 0.7940454   0.2059546 ]
 [ 0.9942476   0.0057524 ]
 [ 0.95797058  0.04202942]
 [ 0.98118815  0.01881185]
 [ 0.97202112  0.02797888]
 [ 0.2993354   0.7006646 ]
 [ 0.61245209  0.38754791]
 [ 0.8643564   0.1356436 ]
 [ 0.9400056   0.0599944 ]
 [ 0.88142595  0.11857405]
 [ 0.94543777  0.05456223]
 [ 0.84557717  0.15442283]
 [ 0.0017212   0.9982788 ]
 [ 0.04070191  0.95929809]
 [ 0.05770679  0.94229321]
 [ 0.11566085  0.88433915]
 [ 0.01240777  0.98759223]
 [ 0.04161821  0.95838179]
 [ 0.0514172   0.9485828 ]
 [ 0.19101135  0.80898865]
 [ 0.07109735  0.92890265]
 [ 0.01514361  0.98485639]
 [ 0.20600661  0.79399339]
 [ 0.08288702  0.91711298]
 [ 0.06765994  0.93234006]
 [ 0.0138092   0.9861908 ]
 [ 0.00211518  0.99788482]
 [ 0.02110431  0.97889569]
 [ 0.22300593  0.77699407]
 [ 0.12550134  0.87449866]
 [ 0.00331416  0.99668584]
 [ 0.23679615  0.76320385]
 [ 0.02575865  0.97424135]
 [ 0.02700938  0.97299062]
 [ 0.04991294  0.95008706]
 [ 0.22881847  0.77118153]
 [ 0.07679552  0.92320448]
 [ 0.40277633  0.59722367]
 [ 0.27096211  0.72903789]
 [ 0.28901403  0.71098597]
 [ 0.01776705  0.98223295]
 [ 0.69054612  0.30945388]
 [ 0.14602849  0.85397151]
 [ 0.56727259  0.43272741]
 [ 0.00939904  0.99060096]
 [ 0.64221506  0.35778494]
 [ 0.37385737  0.62614263]
 [ 0.03464942  0.96535058]
 [ 0.00851126  0.99148874]
 [ 0.23048143  0.76951857]
 [ 0.28813328  0.71186672]
 [ 0.11668974  0.88331026]] 

1.0 

[[38  2]
 [ 3 37]] 

0.0625 

[array([ 0.   ,  0.025,  0.05 ,  0.075,  0.1  ,  0.125,  0.15 ,  0.175,
        0.2  ,  0.225,  0.25 ,  0.275,  0.3  ,  0.325,  0.35 ,  0.375,
        0.4  ,  0.425,  0.45 ,  0.475,  0.5  ,  0.525,  0.55 ,  0.575,
        0.6  ,  0.625,  0.65 ,  0.675,  0.7  ,  0.725,  0.75 ,  0.775,
        0.8  ,  0.825,  0.85 ,  0.875,  0.875,  0.875,  0.9  ,  0.925,
        0.925,  0.925,  0.95 ,  0.95 ,  0.975,  0.975,  1.   ,  1.   ,
        1.   ,  1.   ,  1.   ,  1.   ,  1.   ,  1.   ,  1.   ,  1.   ,
        1.   ,  1.   ,  1.   ,  1.   ,  1.   ,  1.   ,  1.   ,  1.   ,
        1.   ,  1.   ,  1.   ,  1.   ,  1.   ,  1.   ,  1.   ,  1.   ,
        1.   ,  1.   ,  1.   ,  1.   ,  1.   ,  1.   ,  1.   ,  1.   ,  1.   ]), array([ 0.   ,  0.   ,  0.   ,  0.   ,  0.   ,  0.   ,  0.   ,  0.   ,
        0.   ,  0.   ,  0.   ,  0.   ,  0.   ,  0.   ,  0.   ,  0.   ,
        0.   ,  0.   ,  0.   ,  0.   ,  0.   ,  0.   ,  0.   ,  0.   ,
        0.   ,  0.   ,  0.   ,  0.   ,  0.   ,  0.   ,  0.   ,  0.   ,
        0.   ,  0.   ,  0.   ,  0.   ,  0.025,  0.05 ,  0.05 ,  0.05 ,
        0.075,  0.1  ,  0.1  ,  0.125,  0.125,  0.15 ,  0.15 ,  0.175,
        0.2  ,  0.225,  0.25 ,  0.275,  0.3  ,  0.325,  0.35 ,  0.375,
        0.4  ,  0.425,  0.45 ,  0.475,  0.5  ,  0.525,  0.55 ,  0.575,
        0.6  ,  0.625,  0.65 ,  0.675,  0.7  ,  0.725,  0.75 ,  0.775,
        0.8  ,  0.825,  0.85 ,  0.875,  0.9  ,  0.925,  0.95 ,  0.975,  1.   ]), array([ 1.   ,  1.   ,  1.   ,  1.   ,  1.   ,  1.   ,  1.   ,  1.   ,
        1.   ,  1.   ,  1.   ,  1.   ,  1.   ,  1.   ,  1.   ,  1.   ,
        1.   ,  1.   ,  1.   ,  1.   ,  1.   ,  1.   ,  1.   ,  1.   ,
        1.   ,  1.   ,  1.   ,  1.   ,  1.   ,  1.   ,  1.   ,  1.   ,
        1.   ,  1.   ,  1.   ,  1.   ,  1.   ,  0.975,  0.95 ,  0.95 ,
        0.95 ,  0.925,  0.9  ,  0.9  ,  0.875,  0.875,  0.85 ,  0.85 ,
        0.825,  0.8  ,  0.775,  0.75 ,  0.725,  0.7  ,  0.675,  0.65 ,
        0.625,  0.6  ,  0.575,  0.55 ,  0.525,  0.5  ,  0.475,  0.45 ,
        0.425,  0.4  ,  0.375,  0.35 ,  0.325,  0.3  ,  0.275,  0.25 ,
        0.225,  0.2  ,  0.175,  0.15 ,  0.125,  0.1  ,  0.075,  0.05 ,
        0.025])] 


ibc6 

Logistic Classifier; 2 classes, 4 features
[[-15.63793906  -3.39899542  -2.67617685   6.82051852   6.59255806]] 

[[ 1.]
 [ 1.]
 [ 1.]
 [ 1.]
 [ 1.]
 [ 1.]
 [ 1.]
 [ 1.]
 [ 1.]
 [ 1.]
 [ 1.]
 [ 1.]
 [ 1.]
 [ 1.]
 [ 1.]
 [ 1.]
 [ 1.]
 [ 1.]
 [ 1.]
 [ 1.]
 [ 2.]
 [ 1.]
 [ 1.]
 [ 1.]
 [ 1.]
 [ 1.]
 [ 1.]
 [ 1.]
 [ 1.]
 [ 1.]
 [ 1.]
 [ 1.]
 [ 1.]
 [ 2.]
 [ 1.]
 [ 1.]
 [ 1.]
 [ 1.]
 [ 1.]
 [ 1.]
 [ 2.]
 [ 2.]
 [ 2.]
 [ 2.]
 [ 2.]
 [ 2.]
 [ 2.]
 [ 2.]
 [ 2.]
 [ 2.]
 [ 2.]
 [ 2.]
 [ 2.]
 [ 2.]
 [ 2.]
 [ 2.]
 [ 2.]
 [ 2.]
 [ 2.]
 [ 2.]
 [ 2.]
 [ 2.]
 [ 2.]
 [ 2.]
 [ 2.]
 [ 2.]
 [ 2.]
 [ 2.]
 [ 2.]
 [ 2.]
 [ 2.]
 [ 2.]
 [ 2.]
 [ 2.]
 [ 2.]
 [ 2.]
 [ 2.]
 [ 2.]
 [ 2.]
 [ 2.]] 

[[  9.98781183e-01   1.21881744e-03]
 [  9.95386321e-01   4.61367927e-03]
 [  9.83337274e-01   1.66627263e-02]
 [  9.90389301e-01   9.61069937e-03]
 [  9.81320679e-01   1.86793207e-02]
 [  9.62415312e-01   3.75846875e-02]
 [  9.63682561e-01   3.63174388e-02]
 [  9.99933322e-01   6.66777934e-05]
 [  9.97233801e-01   2.76619900e-03]
 [  9.91064870e-01   8.93513029e-03]
 [  9.99458647e-01   5.41353262e-04]
 [  9.94434170e-01   5.56583017e-03]
 [  9.99679359e-01   3.20640743e-04]
 [  9.45148146e-01   5.48518538e-02]
 [  9.99909406e-01   9.05938019e-05]
 [  9.99428968e-01   5.71032133e-04]
 [  8.92800692e-01   1.07199308e-01]
 [  9.99671651e-01   3.28348689e-04]
 [  8.82687441e-01   1.17312559e-01]
 [  9.99453221e-01   5.46778700e-04]
 [  4.13548443e-01   5.86451557e-01]
 [  9.99668883e-01   3.31117270e-04]
 [  6.06512142e-01   3.93487858e-01]
 [  9.80112961e-01   1.98870388e-02]
 [  9.99293067e-01   7.06932958e-04]
 [  9.98952161e-01   1.04783930e-03]
 [  9.86296868e-01   1.37031322e-02]
 [  7.55801557e-01   2.44198443e-01]
 [  9.61270492e-01   3.87295078e-02]
 [  9.99989930e-01   1.00704014e-05]
 [  9.99492474e-01   5.07526436e-04]
 [  9.99867230e-01   1.32769696e-04]
 [  9.99686281e-01   3.13719308e-04]
 [  1.11535850e-01   8.88464150e-01]
 [  8.08435214e-01   1.91564786e-01]
 [  9.79973844e-01   2.00261558e-02]
 [  9.91524656e-01   8.47534446e-03]
 [  9.90303150e-01   9.69684982e-03]
 [  9.97905602e-01   2.09439786e-03]
 [  9.94350128e-01   5.64987213e-03]
 [  9.91439984e-06   9.99990086e-01]
 [  8.72573337e-03   9.91274267e-01]
 [  1.85855804e-03   9.98141442e-01]
 [  5.22539857e-03   9.94774601e-01]
 [  2.47786498e-04   9.99752214e-01]
 [  8.60101440e-05   9.99913990e-01]
 [  5.13573913e-02   9.48642609e-01]
 [  1.32587932e-03   9.98674121e-01]
 [  1.78961888e-03   9.98210381e-01]
 [  2.38330144e-04   9.99761670e-01]
 [  1.57813794e-01   8.42186206e-01]
 [  1.69995754e-02   9.83000425e-01]
 [  1.01750922e-02   9.89824908e-01]
 [  3.73951213e-03   9.96260488e-01]
 [  4.25688858e-04   9.99574311e-01]
 [  4.69591191e-03   9.95304088e-01]
 [  2.60963611e-02   9.73903639e-01]
 [  2.68759204e-04   9.99731241e-01]
 [  1.43234285e-06   9.99998568e-01]
 [  1.11855261e-01   8.88144739e-01]
 [  1.68371804e-03   9.98316282e-01]
 [  1.16578608e-02   9.88342139e-01]
 [  6.91549906e-05   9.99930845e-01]
 [  2.67007737e-01   7.32992263e-01]
 [  4.15725042e-03   9.95842750e-01]
 [  1.60598363e-02   9.83940164e-01]
 [  4.01291313e-01   5.98708687e-01]
 [  2.91769904e-01   7.08230096e-01]
 [  7.80752997e-04   9.99219247e-01]
 [  1.22618539e-01   8.77381461e-01]
 [  2.87959208e-03   9.97120408e-01]
 [  1.51131775e-02   9.84886822e-01]
 [  4.03985917e-04   9.99596014e-01]
 [  4.67900182e-01   5.32099818e-01]
 [  1.63890983e-02   9.83610902e-01]
 [  9.77716988e-04   9.99022283e-01]
 [  3.83253142e-04   9.99616747e-01]
 [  2.43208843e-02   9.75679116e-01]
 [  3.67106252e-01   6.32893748e-01]
 [  3.59846002e-02   9.64015400e-01]] 

1.0 

[[38  2]
 [ 0 40]] 

0.025 

[array([ 0.   ,  0.025,  0.05 ,  0.075,  0.1  ,  0.125,  0.15 ,  0.175,
        0.2  ,  0.225,  0.25 ,  0.275,  0.3  ,  0.325,  0.35 ,  0.375,
        0.4  ,  0.425,  0.45 ,  0.475,  0.5  ,  0.525,  0.55 ,  0.575,
        0.6  ,  0.625,  0.65 ,  0.675,  0.7  ,  0.725,  0.75 ,  0.775,
        0.8  ,  0.8  ,  0.825,  0.85 ,  0.875,  0.9  ,  0.925,  0.95 ,
        0.975,  0.975,  1.   ,  1.   ,  1.   ,  1.   ,  1.   ,  1.   ,
        1.   ,  1.   ,  1.   ,  1.   ,  1.   ,  1.   ,  1.   ,  1.   ,
        1.   ,  1.   ,  1.   ,  1.   ,  1.   ,  1.   ,  1.   ,  1.   ,
        1.   ,  1.   ,  1.   ,  1.   ,  1.   ,  1.   ,  1.   ,  1.   ,
        1.   ,  1.   ,  1.   ,  1.   ,  1.   ,  1.   ,  1.   ,  1.   ,  1.   ]), array([ 0.   ,  0.   ,  0.   ,  0.   ,  0.   ,  0.   ,  0.   ,  0.   ,
        0.   ,  0.   ,  0.   ,  0.   ,  0.   ,  0.   ,  0.   ,  0.   ,
        0.   ,  0.   ,  0.   ,  0.   ,  0.   ,  0.   ,  0.   ,  0.   ,
        0.   ,  0.   ,  0.   ,  0.   ,  0.   ,  0.   ,  0.   ,  0.   ,
        0.   ,  0.025,  0.025,  0.025,  0.025,  0.025,  0.025,  0.025,
        0.025,  0.05 ,  0.05 ,  0.075,  0.1  ,  0.125,  0.15 ,  0.175,
        0.2  ,  0.225,  0.25 ,  0.275,  0.3  ,  0.325,  0.35 ,  0.375,
        0.4  ,  0.425,  0.45 ,  0.475,  0.5  ,  0.525,  0.55 ,  0.575,
        0.6  ,  0.625,  0.65 ,  0.675,  0.7  ,  0.725,  0.75 ,  0.775,
        0.8  ,  0.825,  0.85 ,  0.875,  0.9  ,  0.925,  0.95 ,  0.975,  1.   ]), array([ 1.   ,  1.   ,  1.   ,  1.   ,  1.   ,  1.   ,  1.   ,  1.   ,
        1.   ,  1.   ,  1.   ,  1.   ,  1.   ,  1.   ,  1.   ,  1.   ,
        1.   ,  1.   ,  1.   ,  1.   ,  1.   ,  1.   ,  1.   ,  1.   ,
        1.   ,  1.   ,  1.   ,  1.   ,  1.   ,  1.   ,  1.   ,  1.   ,
        1.   ,  1.   ,  0.975,  0.975,  0.975,  0.975,  0.975,  0.975,
        0.975,  0.975,  0.95 ,  0.95 ,  0.925,  0.9  ,  0.875,  0.85 ,
        0.825,  0.8  ,  0.775,  0.75 ,  0.725,  0.7  ,  0.675,  0.65 ,
        0.625,  0.6  ,  0.575,  0.55 ,  0.525,  0.5  ,  0.475,  0.45 ,
        0.425,  0.4  ,  0.375,  0.35 ,  0.325,  0.3  ,  0.275,  0.25 ,
        0.225,  0.2  ,  0.175,  0.15 ,  0.125,  0.1  ,  0.075,  0.05 ,
        0.025])] 

