tc 

Decision Tree Classifier; 3 features
Thresholds: [0.75, 0.00 ... 2.00, 2.00] 

[[ 0.]
 [ 0.]
 [ 0.]
 [ 0.]
 [ 0.]
 [ 0.]
 [ 0.]
 [ 0.]
 [ 0.]
 [ 0.]
 [ 1.]
 [ 1.]
 [ 1.]
 [ 1.]
 [ 1.]
 [ 1.]
 [ 1.]
 [ 1.]
 [ 1.]
 [ 1.]
 [ 2.]
 [ 2.]
 [ 2.]
 [ 2.]
 [ 2.]
 [ 2.]
 [ 2.]
 [ 2.]
 [ 2.]
 [ 2.]] 

0.0 

[[10  0  0]
 [ 0 10  0]
 [ 0  0 10]] 


itc 

Decision Tree Classifier; 3 features
Thresholds: [0.80, 0.00 ... 2.00, 1.00] 

[[ 0.]
 [ 0.]
 [ 0.]
 [ 0.]
 [ 0.]
 [ 0.]
 [ 0.]
 [ 0.]
 [ 0.]
 [ 0.]
 [ 0.]
 [ 0.]
 [ 0.]
 [ 0.]
 [ 0.]
 [ 0.]
 [ 0.]
 [ 0.]
 [ 0.]
 [ 0.]
 [ 0.]
 [ 0.]
 [ 0.]
 [ 0.]
 [ 0.]
 [ 0.]
 [ 0.]
 [ 0.]
 [ 0.]
 [ 0.]
 [ 0.]
 [ 0.]
 [ 0.]
 [ 0.]
 [ 0.]
 [ 0.]
 [ 0.]
 [ 0.]
 [ 0.]
 [ 0.]
 [ 1.]
 [ 1.]
 [ 2.]
 [ 1.]
 [ 1.]
 [ 1.]
 [ 1.]
 [ 1.]
 [ 1.]
 [ 1.]
 [ 1.]
 [ 1.]
 [ 1.]
 [ 1.]
 [ 1.]
 [ 1.]
 [ 1.]
 [ 1.]
 [ 1.]
 [ 1.]
 [ 2.]
 [ 1.]
 [ 2.]
 [ 1.]
 [ 1.]
 [ 1.]
 [ 2.]
 [ 2.]
 [ 1.]
 [ 1.]
 [ 1.]
 [ 1.]
 [ 1.]
 [ 2.]
 [ 1.]
 [ 1.]
 [ 1.]
 [ 1.]
 [ 1.]
 [ 1.]
 [ 2.]
 [ 2.]
 [ 2.]
 [ 2.]
 [ 2.]
 [ 2.]
 [ 1.]
 [ 2.]
 [ 2.]
 [ 2.]
 [ 2.]
 [ 2.]
 [ 2.]
 [ 2.]
 [ 2.]
 [ 2.]
 [ 2.]
 [ 2.]
 [ 2.]
 [ 2.]
 [ 2.]
 [ 2.]
 [ 2.]
 [ 2.]
 [ 2.]
 [ 2.]
 [ 2.]
 [ 2.]
 [ 2.]
 [ 2.]
 [ 2.]
 [ 2.]
 [ 2.]
 [ 2.]
 [ 2.]
 [ 2.]
 [ 2.]
 [ 2.]
 [ 2.]
 [ 2.]] 

0.0583333333333 

[[40  0  0]
 [ 0 34  6]
 [ 0  1 39]] 


btc 

Decision Tree Classifier; 2 features
Thresholds: [ 2.6  0.   1. ] 

[[ 0.]
 [ 0.]
 [ 0.]
 [ 0.]
 [ 0.]
 [ 0.]
 [ 0.]
 [ 0.]
 [ 0.]
 [ 0.]
 [ 1.]
 [ 1.]
 [ 1.]
 [ 1.]
 [ 1.]
 [ 1.]
 [ 1.]
 [ 1.]
 [ 1.]
 [ 1.]] 

1.0 

0.0 

[array([ 0.,  1.,  1.]), array([ 0.,  0.,  1.]), array([ 1. ,  1. ,  0.1])] 

[[10  0]
 [ 0 10]] 


ibtc 

Decision Tree Classifier; 2 features
Thresholds: [ 0.8  0.   1. ] 

[[ 0.]
 [ 0.]
 [ 0.]
 [ 0.]
 [ 0.]
 [ 0.]
 [ 0.]
 [ 0.]
 [ 0.]
 [ 0.]
 [ 0.]
 [ 0.]
 [ 0.]
 [ 0.]
 [ 0.]
 [ 0.]
 [ 0.]
 [ 0.]
 [ 0.]
 [ 0.]
 [ 0.]
 [ 0.]
 [ 0.]
 [ 0.]
 [ 0.]
 [ 0.]
 [ 0.]
 [ 0.]
 [ 0.]
 [ 0.]
 [ 0.]
 [ 0.]
 [ 0.]
 [ 0.]
 [ 0.]
 [ 0.]
 [ 0.]
 [ 0.]
 [ 0.]
 [ 0.]
 [ 1.]
 [ 1.]
 [ 1.]
 [ 1.]
 [ 1.]
 [ 1.]
 [ 1.]
 [ 1.]
 [ 1.]
 [ 1.]
 [ 1.]
 [ 1.]
 [ 1.]
 [ 1.]
 [ 1.]
 [ 1.]
 [ 1.]
 [ 1.]
 [ 1.]
 [ 1.]
 [ 1.]
 [ 1.]
 [ 1.]
 [ 1.]
 [ 1.]
 [ 1.]
 [ 1.]
 [ 1.]
 [ 1.]
 [ 1.]
 [ 1.]
 [ 1.]
 [ 1.]
 [ 1.]
 [ 1.]
 [ 1.]
 [ 1.]
 [ 1.]
 [ 1.]
 [ 1.]] 

1.0 

0.0 

[array([ 0.,  1.,  1.]), array([ 0.,  0.,  1.]), array([ 1.   ,  1.   ,  0.025])] 

[[40  0]
 [ 0 40]] 


btc2 

Decision Tree Classifier; 2 features
Thresholds: [1.75, 4.95 ... 1.00, 1.00] 

[[ 1.]
 [ 1.]
 [ 1.]
 [ 1.]
 [ 1.]
 [ 1.]
 [ 1.]
 [ 1.]
 [ 1.]
 [ 1.]
 [ 2.]
 [ 2.]
 [ 2.]
 [ 2.]
 [ 2.]
 [ 2.]
 [ 2.]
 [ 2.]
 [ 2.]
 [ 2.]] 

1.0 

0.0 

[array([ 0.,  1.,  1.]), array([ 0.,  0.,  1.]), array([ 1. ,  1. ,  0.1])] 

[[10  0]
 [ 0 10]] 


ibtc2 

Decision Tree Classifier; 2 features
Thresholds: [ 4.8  0.   1. ] 

[[ 1.]
 [ 1.]
 [ 2.]
 [ 1.]
 [ 1.]
 [ 1.]
 [ 1.]
 [ 1.]
 [ 1.]
 [ 1.]
 [ 1.]
 [ 1.]
 [ 1.]
 [ 1.]
 [ 1.]
 [ 1.]
 [ 1.]
 [ 1.]
 [ 1.]
 [ 1.]
 [ 2.]
 [ 1.]
 [ 2.]
 [ 1.]
 [ 1.]
 [ 1.]
 [ 2.]
 [ 2.]
 [ 1.]
 [ 1.]
 [ 1.]
 [ 1.]
 [ 1.]
 [ 2.]
 [ 1.]
 [ 1.]
 [ 1.]
 [ 1.]
 [ 1.]
 [ 1.]
 [ 2.]
 [ 2.]
 [ 2.]
 [ 2.]
 [ 2.]
 [ 2.]
 [ 1.]
 [ 2.]
 [ 2.]
 [ 2.]
 [ 2.]
 [ 2.]
 [ 2.]
 [ 2.]
 [ 2.]
 [ 2.]
 [ 2.]
 [ 2.]
 [ 2.]
 [ 2.]
 [ 2.]
 [ 2.]
 [ 2.]
 [ 2.]
 [ 2.]
 [ 2.]
 [ 2.]
 [ 2.]
 [ 2.]
 [ 2.]
 [ 2.]
 [ 2.]
 [ 2.]
 [ 2.]
 [ 2.]
 [ 2.]
 [ 2.]
 [ 2.]
 [ 2.]
 [ 2.]] 

0.9375 

0.0875 

[array([ 0.   ,  0.875,  1.   ]), array([ 0.,  0.,  1.]), array([ 1.   ,  1.   ,  0.025])] 

[[34  6]
 [ 1 39]] 

