tc 

Decision Tree Classifier; 3 features
Thresholds: [2.60, 0.00 ... 2.00, 2.00] 

[[ 0.]
 [ 0.]
 [ 0.]
 [ 0.]
 [ 0.]
 [ 0.]
 [ 0.]
 [ 0.]
 [ 0.]
 [ 0.]
 [ 1.]
 [ 1.]
 [ 1.]
 [ 1.]
 [ 1.]
 [ 1.]
 [ 1.]
 [ 1.]
 [ 1.]
 [ 1.]
 [ 2.]
 [ 2.]
 [ 2.]
 [ 2.]
 [ 2.]
 [ 2.]
 [ 2.]
 [ 2.]
 [ 2.]
 [ 2.]] 

0.0 

[[10  0  0]
 [ 0 10  0]
 [ 0  0 10]] 


itc 

Decision Tree Classifier; 3 features
Thresholds: [2.45, 0.00 ... 2.00, 1.00] 

[[ 0.]
 [ 0.]
 [ 0.]
 [ 0.]
 [ 0.]
 [ 0.]
 [ 0.]
 [ 0.]
 [ 0.]
 [ 0.]
 [ 0.]
 [ 0.]
 [ 0.]
 [ 0.]
 [ 0.]
 [ 0.]
 [ 0.]
 [ 0.]
 [ 0.]
 [ 0.]
 [ 0.]
 [ 0.]
 [ 0.]
 [ 0.]
 [ 0.]
 [ 0.]
 [ 0.]
 [ 0.]
 [ 0.]
 [ 0.]
 [ 0.]
 [ 0.]
 [ 0.]
 [ 0.]
 [ 0.]
 [ 0.]
 [ 0.]
 [ 0.]
 [ 0.]
 [ 0.]
 [ 1.]
 [ 1.]
 [ 1.]
 [ 1.]
 [ 1.]
 [ 1.]
 [ 2.]
 [ 1.]
 [ 1.]
 [ 1.]
 [ 1.]
 [ 1.]
 [ 1.]
 [ 1.]
 [ 1.]
 [ 1.]
 [ 1.]
 [ 1.]
 [ 1.]
 [ 1.]
 [ 2.]
 [ 1.]
 [ 1.]
 [ 1.]
 [ 1.]
 [ 1.]
 [ 1.]
 [ 2.]
 [ 1.]
 [ 1.]
 [ 1.]
 [ 1.]
 [ 1.]
 [ 2.]
 [ 1.]
 [ 2.]
 [ 1.]
 [ 1.]
 [ 1.]
 [ 1.]
 [ 2.]
 [ 2.]
 [ 2.]
 [ 2.]
 [ 2.]
 [ 2.]
 [ 2.]
 [ 2.]
 [ 2.]
 [ 2.]
 [ 2.]
 [ 2.]
 [ 2.]
 [ 2.]
 [ 2.]
 [ 2.]
 [ 2.]
 [ 2.]
 [ 2.]
 [ 1.]
 [ 2.]
 [ 2.]
 [ 2.]
 [ 2.]
 [ 2.]
 [ 2.]
 [ 2.]
 [ 2.]
 [ 2.]
 [ 2.]
 [ 2.]
 [ 2.]
 [ 2.]
 [ 1.]
 [ 1.]
 [ 2.]
 [ 2.]
 [ 2.]
 [ 2.]
 [ 2.]] 

0.0666666666667 

[[40  0  0]
 [ 0 35  5]
 [ 0  3 37]] 


btc 

Decision Tree Classifier; 2 features
Thresholds: [ 0.75  0.    1.  ] 

[[ 0.]
 [ 0.]
 [ 0.]
 [ 0.]
 [ 0.]
 [ 0.]
 [ 0.]
 [ 0.]
 [ 0.]
 [ 0.]
 [ 1.]
 [ 1.]
 [ 1.]
 [ 1.]
 [ 1.]
 [ 1.]
 [ 1.]
 [ 1.]
 [ 1.]
 [ 1.]] 

1.0 

0.0 

[array([ 0.,  1.,  1.]), array([ 0.,  0.,  1.]), array([ 1. ,  1. ,  0.1])] 

[[10  0]
 [ 0 10]] 


ibtc 

Decision Tree Classifier; 2 features
Thresholds: [ 0.8  0.   1. ] 

[[ 0.]
 [ 0.]
 [ 0.]
 [ 0.]
 [ 0.]
 [ 0.]
 [ 0.]
 [ 0.]
 [ 0.]
 [ 0.]
 [ 0.]
 [ 0.]
 [ 0.]
 [ 0.]
 [ 0.]
 [ 0.]
 [ 0.]
 [ 0.]
 [ 0.]
 [ 0.]
 [ 0.]
 [ 0.]
 [ 0.]
 [ 0.]
 [ 0.]
 [ 0.]
 [ 0.]
 [ 0.]
 [ 0.]
 [ 0.]
 [ 0.]
 [ 0.]
 [ 0.]
 [ 0.]
 [ 0.]
 [ 0.]
 [ 0.]
 [ 0.]
 [ 0.]
 [ 0.]
 [ 1.]
 [ 1.]
 [ 1.]
 [ 1.]
 [ 1.]
 [ 1.]
 [ 1.]
 [ 1.]
 [ 1.]
 [ 1.]
 [ 1.]
 [ 1.]
 [ 1.]
 [ 1.]
 [ 1.]
 [ 1.]
 [ 1.]
 [ 1.]
 [ 1.]
 [ 1.]
 [ 1.]
 [ 1.]
 [ 1.]
 [ 1.]
 [ 1.]
 [ 1.]
 [ 1.]
 [ 1.]
 [ 1.]
 [ 1.]
 [ 1.]
 [ 1.]
 [ 1.]
 [ 1.]
 [ 1.]
 [ 1.]
 [ 1.]
 [ 1.]
 [ 1.]
 [ 1.]] 

1.0 

0.0 

[array([ 0.,  1.,  1.]), array([ 0.,  0.,  1.]), array([ 1.   ,  1.   ,  0.025])] 

[[40  0]
 [ 0 40]] 


btc2 

Decision Tree Classifier; 2 features
Thresholds: [1.75, 4.95 ... 1.00, 1.00] 

[[ 1.]
 [ 1.]
 [ 1.]
 [ 1.]
 [ 1.]
 [ 1.]
 [ 1.]
 [ 1.]
 [ 1.]
 [ 1.]
 [ 2.]
 [ 2.]
 [ 2.]
 [ 2.]
 [ 2.]
 [ 2.]
 [ 2.]
 [ 2.]
 [ 2.]
 [ 2.]] 

1.0 

0.0 

[array([ 0.,  1.,  1.]), array([ 0.,  0.,  1.]), array([ 1. ,  1. ,  0.1])] 

[[10  0]
 [ 0 10]] 


ibtc2 

Decision Tree Classifier; 2 features
Thresholds: [ 1.6  0.   1. ] 

[[ 1.]
 [ 1.]
 [ 1.]
 [ 1.]
 [ 1.]
 [ 1.]
 [ 2.]
 [ 1.]
 [ 1.]
 [ 1.]
 [ 1.]
 [ 1.]
 [ 1.]
 [ 1.]
 [ 1.]
 [ 1.]
 [ 1.]
 [ 1.]
 [ 1.]
 [ 1.]
 [ 2.]
 [ 1.]
 [ 1.]
 [ 1.]
 [ 1.]
 [ 1.]
 [ 1.]
 [ 2.]
 [ 1.]
 [ 1.]
 [ 1.]
 [ 1.]
 [ 1.]
 [ 2.]
 [ 1.]
 [ 2.]
 [ 1.]
 [ 1.]
 [ 1.]
 [ 1.]
 [ 2.]
 [ 2.]
 [ 2.]
 [ 2.]
 [ 2.]
 [ 2.]
 [ 2.]
 [ 2.]
 [ 2.]
 [ 2.]
 [ 2.]
 [ 2.]
 [ 2.]
 [ 2.]
 [ 2.]
 [ 2.]
 [ 2.]
 [ 2.]
 [ 2.]
 [ 1.]
 [ 2.]
 [ 2.]
 [ 2.]
 [ 2.]
 [ 2.]
 [ 2.]
 [ 2.]
 [ 2.]
 [ 2.]
 [ 2.]
 [ 2.]
 [ 2.]
 [ 2.]
 [ 1.]
 [ 1.]
 [ 2.]
 [ 2.]
 [ 2.]
 [ 2.]
 [ 2.]] 

0.975 

0.1 

[array([ 0.   ,  0.925,  1.   ]), array([ 0.   ,  0.025,  1.   ]), array([ 1.   ,  1.   ,  0.025])] 

[[35  5]
 [ 3 37]] 

